TABLE NO.  2
 ETA1        ETA2        ETA3        ETA4        ETA5
  0.0000E+00 -7.7983E-01 -5.3425E-01  0.0000E+00  0.0000E+00
  0.0000E+00 -7.7983E-01 -5.3425E-01  0.0000E+00  0.0000E+00
  0.0000E+00 -7.7983E-01 -5.3425E-01  0.0000E+00  0.0000E+00
  0.0000E+00 -7.7983E-01 -5.3425E-01  0.0000E+00  0.0000E+00
  0.0000E+00 -7.7983E-01 -5.3425E-01  0.0000E+00  0.0000E+00
  0.0000E+00 -7.7983E-01 -5.3425E-01  0.0000E+00  0.0000E+00
  0.0000E+00  4.1117E-01 -1.7851E-01  0.0000E+00  0.0000E+00
  0.0000E+00  4.1117E-01 -1.7851E-01  0.0000E+00  0.0000E+00
  0.0000E+00  4.1117E-01 -1.7851E-01  0.0000E+00  0.0000E+00
  0.0000E+00  4.1117E-01 -1.7851E-01  0.0000E+00  0.0000E+00
  0.0000E+00  4.1117E-01 -1.7851E-01  0.0000E+00  0.0000E+00
  0.0000E+00  4.1117E-01 -1.7851E-01  0.0000E+00  0.0000E+00
  0.0000E+00  4.1117E-01 -1.7851E-01  0.0000E+00  0.0000E+00
  0.0000E+00 -8.3509E-02  1.1003E+00  0.0000E+00  0.0000E+00
  0.0000E+00 -8.3509E-02  1.1003E+00  0.0000E+00  0.0000E+00
  0.0000E+00 -8.3509E-02  1.1003E+00  0.0000E+00  0.0000E+00
  0.0000E+00 -8.3509E-02  1.1003E+00  0.0000E+00  0.0000E+00
  0.0000E+00 -8.3509E-02  1.1003E+00  0.0000E+00  0.0000E+00
  0.0000E+00 -8.3509E-02  1.1003E+00  0.0000E+00  0.0000E+00
  0.0000E+00  2.5256E-01  7.5496E-01  0.0000E+00  0.0000E+00
  0.0000E+00  2.5256E-01  7.5496E-01  0.0000E+00  0.0000E+00
  0.0000E+00  2.5256E-01  7.5496E-01  0.0000E+00  0.0000E+00
  0.0000E+00  2.5256E-01  7.5496E-01  0.0000E+00  0.0000E+00
  0.0000E+00  2.5256E-01  7.5496E-01  0.0000E+00  0.0000E+00
  0.0000E+00  2.9051E-01 -1.9079E-01  0.0000E+00  0.0000E+00
  0.0000E+00  2.9051E-01 -1.9079E-01  0.0000E+00  0.0000E+00
  0.0000E+00  2.9051E-01 -1.9079E-01  0.0000E+00  0.0000E+00
  0.0000E+00  2.9051E-01 -1.9079E-01  0.0000E+00  0.0000E+00
  0.0000E+00  2.9051E-01 -1.9079E-01  0.0000E+00  0.0000E+00
  0.0000E+00  2.9051E-01 -1.9079E-01  0.0000E+00  0.0000E+00
  0.0000E+00  2.9051E-01 -1.9079E-01  0.0000E+00  0.0000E+00
  0.0000E+00  2.9051E-01 -1.9079E-01  0.0000E+00  0.0000E+00
  0.0000E+00  2.7165E-01  2.0354E-01  0.0000E+00  0.0000E+00
  0.0000E+00  2.7165E-01  2.0354E-01  0.0000E+00  0.0000E+00
  0.0000E+00  2.7165E-01  2.0354E-01  0.0000E+00  0.0000E+00
  0.0000E+00  2.7165E-01  2.0354E-01  0.0000E+00  0.0000E+00
  0.0000E+00  2.7165E-01  2.0354E-01  0.0000E+00  0.0000E+00
  0.0000E+00  2.7165E-01  2.0354E-01  0.0000E+00  0.0000E+00
  0.0000E+00  1.7710E-01  8.0922E-01  0.0000E+00  0.0000E+00
  0.0000E+00  1.7710E-01  8.0922E-01  0.0000E+00  0.0000E+00
  0.0000E+00  1.7710E-01  8.0922E-01  0.0000E+00  0.0000E+00
  0.0000E+00  1.7710E-01  8.0922E-01  0.0000E+00  0.0000E+00
  0.0000E+00  1.7710E-01  8.0922E-01  0.0000E+00  0.0000E+00
  0.0000E+00  1.2824E-01 -1.1048E+00  0.0000E+00  0.0000E+00
  0.0000E+00  1.2824E-01 -1.1048E+00  0.0000E+00  0.0000E+00
  0.0000E+00  1.2824E-01 -1.1048E+00  0.0000E+00  0.0000E+00
  0.0000E+00  1.2824E-01 -1.1048E+00  0.0000E+00  0.0000E+00
  0.0000E+00  1.2824E-01 -1.1048E+00  0.0000E+00  0.0000E+00
  0.0000E+00  1.2824E-01 -1.1048E+00  0.0000E+00  0.0000E+00
  0.0000E+00  1.2824E-01 -1.1048E+00  0.0000E+00  0.0000E+00
  0.0000E+00  1.2824E-01 -1.1048E+00  0.0000E+00  0.0000E+00
  0.0000E+00  1.2824E-01 -1.1048E+00  0.0000E+00  0.0000E+00
  0.0000E+00  1.2824E-01 -1.1048E+00  0.0000E+00  0.0000E+00
  0.0000E+00 -3.2671E-02 -2.9279E-01  0.0000E+00  0.0000E+00
  0.0000E+00 -3.2671E-02 -2.9279E-01  0.0000E+00  0.0000E+00
  0.0000E+00 -3.2671E-02 -2.9279E-01  0.0000E+00  0.0000E+00
  0.0000E+00 -3.2671E-02 -2.9279E-01  0.0000E+00  0.0000E+00
  0.0000E+00 -3.2671E-02 -2.9279E-01  0.0000E+00  0.0000E+00
  0.0000E+00 -3.2671E-02 -2.9279E-01  0.0000E+00  0.0000E+00
  0.0000E+00 -3.2671E-02 -2.9279E-01  0.0000E+00  0.0000E+00
  0.0000E+00  4.7834E-01  6.0742E-01  0.0000E+00  0.0000E+00
  0.0000E+00  4.7834E-01  6.0742E-01  0.0000E+00  0.0000E+00
  0.0000E+00  4.7834E-01  6.0742E-01  0.0000E+00  0.0000E+00
  0.0000E+00  4.7834E-01  6.0742E-01  0.0000E+00  0.0000E+00
  0.0000E+00  4.7834E-01  6.0742E-01  0.0000E+00  0.0000E+00
  0.0000E+00 -1.5054E-01  4.4121E-01  0.0000E+00  0.0000E+00
  0.0000E+00 -1.5054E-01  4.4121E-01  0.0000E+00  0.0000E+00
  0.0000E+00 -1.5054E-01  4.4121E-01  0.0000E+00  0.0000E+00
  0.0000E+00 -1.5054E-01  4.4121E-01  0.0000E+00  0.0000E+00
  0.0000E+00 -1.5054E-01  4.4121E-01  0.0000E+00  0.0000E+00
  0.0000E+00 -1.5054E-01  4.4121E-01  0.0000E+00  0.0000E+00
  0.0000E+00 -5.0927E-01  4.6407E-02  0.0000E+00  0.0000E+00
  0.0000E+00 -5.0927E-01  4.6407E-02  0.0000E+00  0.0000E+00
  0.0000E+00 -5.0927E-01  4.6407E-02  0.0000E+00  0.0000E+00
  0.0000E+00 -5.0927E-01  4.6407E-02  0.0000E+00  0.0000E+00
  0.0000E+00 -5.0927E-01  4.6407E-02  0.0000E+00  0.0000E+00
  0.0000E+00 -5.0927E-01  4.6407E-02  0.0000E+00  0.0000E+00
  0.0000E+00  5.5919E-01 -7.4431E-01  0.0000E+00  0.0000E+00
  0.0000E+00  5.5919E-01 -7.4431E-01  0.0000E+00  0.0000E+00
  0.0000E+00  5.5919E-01 -7.4431E-01  0.0000E+00  0.0000E+00
  0.0000E+00  5.5919E-01 -7.4431E-01  0.0000E+00  0.0000E+00
  0.0000E+00  5.5919E-01 -7.4431E-01  0.0000E+00  0.0000E+00
  0.0000E+00  5.5919E-01 -7.4431E-01  0.0000E+00  0.0000E+00
  0.0000E+00  5.5919E-01 -7.4431E-01  0.0000E+00  0.0000E+00
  0.0000E+00  5.5919E-01 -7.4431E-01  0.0000E+00  0.0000E+00
  0.0000E+00  3.7332E-01  1.0775E-02  0.0000E+00  0.0000E+00
  0.0000E+00  3.7332E-01  1.0775E-02  0.0000E+00  0.0000E+00
  0.0000E+00  3.7332E-01  1.0775E-02  0.0000E+00  0.0000E+00
  0.0000E+00  3.7332E-01  1.0775E-02  0.0000E+00  0.0000E+00
  0.0000E+00  3.7332E-01  1.0775E-02  0.0000E+00  0.0000E+00
  0.0000E+00  3.7332E-01  1.0775E-02  0.0000E+00  0.0000E+00
  0.0000E+00 -7.9108E-01 -1.0008E-01  0.0000E+00  0.0000E+00
  0.0000E+00 -7.9108E-01 -1.0008E-01  0.0000E+00  0.0000E+00
  0.0000E+00 -7.9108E-01 -1.0008E-01  0.0000E+00  0.0000E+00
  0.0000E+00 -7.9108E-01 -1.0008E-01  0.0000E+00  0.0000E+00
  0.0000E+00 -7.9108E-01 -1.0008E-01  0.0000E+00  0.0000E+00
  0.0000E+00 -7.9108E-01 -1.0008E-01  0.0000E+00  0.0000E+00
  0.0000E+00  4.2893E-01  1.2857E-01  0.0000E+00  0.0000E+00
  0.0000E+00  4.2893E-01  1.2857E-01  0.0000E+00  0.0000E+00
  0.0000E+00  4.2893E-01  1.2857E-01  0.0000E+00  0.0000E+00
  0.0000E+00  4.2893E-01  1.2857E-01  0.0000E+00  0.0000E+00
  0.0000E+00 -2.4944E-01  1.0024E+00  0.0000E+00  0.0000E+00
  0.0000E+00 -2.4944E-01  1.0024E+00  0.0000E+00  0.0000E+00
  0.0000E+00 -2.4944E-01  1.0024E+00  0.0000E+00  0.0000E+00
  0.0000E+00 -2.4944E-01  1.0024E+00  0.0000E+00  0.0000E+00
  0.0000E+00 -2.4944E-01  1.0024E+00  0.0000E+00  0.0000E+00
  0.0000E+00 -2.4944E-01  1.0024E+00  0.0000E+00  0.0000E+00
  0.0000E+00  3.0772E-01  3.6897E-02  0.0000E+00  0.0000E+00
  0.0000E+00  3.0772E-01  3.6897E-02  0.0000E+00  0.0000E+00
  0.0000E+00  3.0772E-01  3.6897E-02  0.0000E+00  0.0000E+00
  0.0000E+00  3.0772E-01  3.6897E-02  0.0000E+00  0.0000E+00
  0.0000E+00  3.0772E-01  3.6897E-02  0.0000E+00  0.0000E+00
  0.0000E+00  3.0772E-01  3.6897E-02  0.0000E+00  0.0000E+00
  0.0000E+00  4.1249E-01 -5.4772E-01  0.0000E+00  0.0000E+00
  0.0000E+00  4.1249E-01 -5.4772E-01  0.0000E+00  0.0000E+00
  0.0000E+00  4.1249E-01 -5.4772E-01  0.0000E+00  0.0000E+00
  0.0000E+00  4.1249E-01 -5.4772E-01  0.0000E+00  0.0000E+00
  0.0000E+00  4.1249E-01 -5.4772E-01  0.0000E+00  0.0000E+00
  0.0000E+00  4.1249E-01 -5.4772E-01  0.0000E+00  0.0000E+00
  0.0000E+00  4.1249E-01 -5.4772E-01  0.0000E+00  0.0000E+00
  0.0000E+00 -1.0579E-01  4.9159E-01  0.0000E+00  0.0000E+00
  0.0000E+00 -1.0579E-01  4.9159E-01  0.0000E+00  0.0000E+00
  0.0000E+00 -1.0579E-01  4.9159E-01  0.0000E+00  0.0000E+00
  0.0000E+00 -1.0579E-01  4.9159E-01  0.0000E+00  0.0000E+00
  0.0000E+00 -1.0579E-01  4.9159E-01  0.0000E+00  0.0000E+00
  0.0000E+00 -1.0579E-01  4.9159E-01  0.0000E+00  0.0000E+00
  0.0000E+00 -5.3264E-01  3.0571E-01  0.0000E+00  0.0000E+00
  0.0000E+00 -5.3264E-01  3.0571E-01  0.0000E+00  0.0000E+00
  0.0000E+00 -5.3264E-01  3.0571E-01  0.0000E+00  0.0000E+00
  0.0000E+00 -5.3264E-01  3.0571E-01  0.0000E+00  0.0000E+00
  0.0000E+00 -5.3264E-01  3.0571E-01  0.0000E+00  0.0000E+00
  0.0000E+00 -5.3264E-01  3.0571E-01  0.0000E+00  0.0000E+00
  0.0000E+00 -2.6048E-01 -1.2795E-01  0.0000E+00  0.0000E+00
  0.0000E+00 -2.6048E-01 -1.2795E-01  0.0000E+00  0.0000E+00
  0.0000E+00 -2.6048E-01 -1.2795E-01  0.0000E+00  0.0000E+00
  0.0000E+00 -2.6048E-01 -1.2795E-01  0.0000E+00  0.0000E+00
  0.0000E+00 -2.6048E-01 -1.2795E-01  0.0000E+00  0.0000E+00
  0.0000E+00 -2.6048E-01 -1.2795E-01  0.0000E+00  0.0000E+00
  0.0000E+00 -2.6048E-01 -1.2795E-01  0.0000E+00  0.0000E+00
  0.0000E+00 -1.8533E-01 -4.1738E-01  0.0000E+00  0.0000E+00
  0.0000E+00 -1.8533E-01 -4.1738E-01  0.0000E+00  0.0000E+00
  0.0000E+00 -1.8533E-01 -4.1738E-01  0.0000E+00  0.0000E+00
  0.0000E+00 -1.8533E-01 -4.1738E-01  0.0000E+00  0.0000E+00
  0.0000E+00 -1.8533E-01 -4.1738E-01  0.0000E+00  0.0000E+00
  0.0000E+00 -1.8533E-01 -4.1738E-01  0.0000E+00  0.0000E+00
  0.0000E+00  1.3329E-01 -1.5246E-01  0.0000E+00  0.0000E+00
  0.0000E+00  1.3329E-01 -1.5246E-01  0.0000E+00  0.0000E+00
  0.0000E+00  1.3329E-01 -1.5246E-01  0.0000E+00  0.0000E+00
  0.0000E+00  1.3329E-01 -1.5246E-01  0.0000E+00  0.0000E+00
  0.0000E+00  1.3329E-01 -1.5246E-01  0.0000E+00  0.0000E+00
  0.0000E+00  2.5235E-02  8.3590E-01  0.0000E+00  0.0000E+00
  0.0000E+00  2.5235E-02  8.3590E-01  0.0000E+00  0.0000E+00
  0.0000E+00  2.5235E-02  8.3590E-01  0.0000E+00  0.0000E+00
  0.0000E+00  2.5235E-02  8.3590E-01  0.0000E+00  0.0000E+00
  0.0000E+00  2.5235E-02  8.3590E-01  0.0000E+00  0.0000E+00
  0.0000E+00  2.5235E-02  8.3590E-01  0.0000E+00  0.0000E+00
  0.0000E+00  3.9932E-01  7.5732E-01  0.0000E+00  0.0000E+00
  0.0000E+00  3.9932E-01  7.5732E-01  0.0000E+00  0.0000E+00
  0.0000E+00  3.9932E-01  7.5732E-01  0.0000E+00  0.0000E+00
  0.0000E+00  3.9932E-01  7.5732E-01  0.0000E+00  0.0000E+00
  0.0000E+00  3.9932E-01  7.5732E-01  0.0000E+00  0.0000E+00
  0.0000E+00  9.8747E-01  1.4794E-01  0.0000E+00  0.0000E+00
  0.0000E+00  9.8747E-01  1.4794E-01  0.0000E+00  0.0000E+00
  0.0000E+00  9.8747E-01  1.4794E-01  0.0000E+00  0.0000E+00
  0.0000E+00  9.8747E-01  1.4794E-01  0.0000E+00  0.0000E+00
  0.0000E+00  9.8747E-01  1.4794E-01  0.0000E+00  0.0000E+00
  0.0000E+00  9.8747E-01  1.4794E-01  0.0000E+00  0.0000E+00
  0.0000E+00  3.7770E-01  6.5531E-01  0.0000E+00  0.0000E+00
  0.0000E+00  3.7770E-01  6.5531E-01  0.0000E+00  0.0000E+00
  0.0000E+00  3.7770E-01  6.5531E-01  0.0000E+00  0.0000E+00
  0.0000E+00  3.7770E-01  6.5531E-01  0.0000E+00  0.0000E+00
  0.0000E+00  3.7770E-01  6.5531E-01  0.0000E+00  0.0000E+00
  0.0000E+00  3.7770E-01  6.5531E-01  0.0000E+00  0.0000E+00
  0.0000E+00  1.2322E-01  3.3530E-01  0.0000E+00  0.0000E+00
  0.0000E+00  1.2322E-01  3.3530E-01  0.0000E+00  0.0000E+00
  0.0000E+00  1.2322E-01  3.3530E-01  0.0000E+00  0.0000E+00
  0.0000E+00  1.2322E-01  3.3530E-01  0.0000E+00  0.0000E+00
  0.0000E+00  1.2322E-01  3.3530E-01  0.0000E+00  0.0000E+00
  0.0000E+00  1.2322E-01  3.3530E-01  0.0000E+00  0.0000E+00
  0.0000E+00  7.0078E-01  1.7641E-02  0.0000E+00  0.0000E+00
  0.0000E+00  7.0078E-01  1.7641E-02  0.0000E+00  0.0000E+00
  0.0000E+00  7.0078E-01  1.7641E-02  0.0000E+00  0.0000E+00
  0.0000E+00  7.0078E-01  1.7641E-02  0.0000E+00  0.0000E+00
  0.0000E+00  7.0078E-01  1.7641E-02  0.0000E+00  0.0000E+00
  0.0000E+00  7.0078E-01  1.7641E-02  0.0000E+00  0.0000E+00
  0.0000E+00 -9.0041E-02  1.6872E-01  0.0000E+00  0.0000E+00
  0.0000E+00 -9.0041E-02  1.6872E-01  0.0000E+00  0.0000E+00
  0.0000E+00 -9.0041E-02  1.6872E-01  0.0000E+00  0.0000E+00
  0.0000E+00 -9.0041E-02  1.6872E-01  0.0000E+00  0.0000E+00
  0.0000E+00 -9.0041E-02  1.6872E-01  0.0000E+00  0.0000E+00
  0.0000E+00 -9.0041E-02  1.6872E-01  0.0000E+00  0.0000E+00
  0.0000E+00 -9.0041E-02  1.6872E-01  0.0000E+00  0.0000E+00
  0.0000E+00 -9.0041E-02  1.6872E-01  0.0000E+00  0.0000E+00
  0.0000E+00 -9.0041E-02  1.6872E-01  0.0000E+00  0.0000E+00
  0.0000E+00  4.3904E-01  1.3657E-01  0.0000E+00  0.0000E+00
  0.0000E+00  4.3904E-01  1.3657E-01  0.0000E+00  0.0000E+00
  0.0000E+00  4.3904E-01  1.3657E-01  0.0000E+00  0.0000E+00
  0.0000E+00  4.3904E-01  1.3657E-01  0.0000E+00  0.0000E+00
  0.0000E+00  4.3904E-01  1.3657E-01  0.0000E+00  0.0000E+00
  0.0000E+00  4.3904E-01  1.3657E-01  0.0000E+00  0.0000E+00
  0.0000E+00  4.3904E-01  1.3657E-01  0.0000E+00  0.0000E+00
  0.0000E+00  4.3904E-01  1.3657E-01  0.0000E+00  0.0000E+00
  0.0000E+00  4.3904E-01  1.3657E-01  0.0000E+00  0.0000E+00
  0.0000E+00  1.2293E-01  2.2844E-02  0.0000E+00  0.0000E+00
  0.0000E+00  1.2293E-01  2.2844E-02  0.0000E+00  0.0000E+00
  0.0000E+00  1.2293E-01  2.2844E-02  0.0000E+00  0.0000E+00
  0.0000E+00  1.2293E-01  2.2844E-02  0.0000E+00  0.0000E+00
  0.0000E+00  1.2293E-01  2.2844E-02  0.0000E+00  0.0000E+00
  0.0000E+00  1.2293E-01  2.2844E-02  0.0000E+00  0.0000E+00
  0.0000E+00  1.2293E-01  2.2844E-02  0.0000E+00  0.0000E+00
  0.0000E+00  1.2293E-01  2.2844E-02  0.0000E+00  0.0000E+00
  0.0000E+00  1.2293E-01  2.2844E-02  0.0000E+00  0.0000E+00
  0.0000E+00 -2.1989E-02  3.1475E-01  0.0000E+00  0.0000E+00
  0.0000E+00 -2.1989E-02  3.1475E-01  0.0000E+00  0.0000E+00
  0.0000E+00 -2.1989E-02  3.1475E-01  0.0000E+00  0.0000E+00
  0.0000E+00 -2.1989E-02  3.1475E-01  0.0000E+00  0.0000E+00
  0.0000E+00 -2.1989E-02  3.1475E-01  0.0000E+00  0.0000E+00
  0.0000E+00 -2.1989E-02  3.1475E-01  0.0000E+00  0.0000E+00
  0.0000E+00 -2.1989E-02  3.1475E-01  0.0000E+00  0.0000E+00
  0.0000E+00 -2.1989E-02  3.1475E-01  0.0000E+00  0.0000E+00
  0.0000E+00 -2.1989E-02  3.1475E-01  0.0000E+00  0.0000E+00
  0.0000E+00 -1.1430E-01 -2.9620E-01  0.0000E+00  0.0000E+00
  0.0000E+00 -1.1430E-01 -2.9620E-01  0.0000E+00  0.0000E+00
  0.0000E+00 -1.1430E-01 -2.9620E-01  0.0000E+00  0.0000E+00
  0.0000E+00 -1.1430E-01 -2.9620E-01  0.0000E+00  0.0000E+00
  0.0000E+00 -1.1430E-01 -2.9620E-01  0.0000E+00  0.0000E+00
  0.0000E+00 -1.1430E-01 -2.9620E-01  0.0000E+00  0.0000E+00
  0.0000E+00 -1.1430E-01 -2.9620E-01  0.0000E+00  0.0000E+00
  0.0000E+00 -1.1430E-01 -2.9620E-01  0.0000E+00  0.0000E+00
  0.0000E+00 -1.1430E-01 -2.9620E-01  0.0000E+00  0.0000E+00
  0.0000E+00 -1.1430E-01 -2.9620E-01  0.0000E+00  0.0000E+00
  0.0000E+00 -4.8629E-01  3.6039E-02  0.0000E+00  0.0000E+00
  0.0000E+00 -4.8629E-01  3.6039E-02  0.0000E+00  0.0000E+00
  0.0000E+00 -4.8629E-01  3.6039E-02  0.0000E+00  0.0000E+00
  0.0000E+00 -4.8629E-01  3.6039E-02  0.0000E+00  0.0000E+00
  0.0000E+00 -4.8629E-01  3.6039E-02  0.0000E+00  0.0000E+00
  0.0000E+00 -4.8629E-01  3.6039E-02  0.0000E+00  0.0000E+00
  0.0000E+00 -4.8629E-01  3.6039E-02  0.0000E+00  0.0000E+00
  0.0000E+00 -4.8629E-01  3.6039E-02  0.0000E+00  0.0000E+00
  0.0000E+00  3.2006E-01 -1.5149E+00  0.0000E+00  0.0000E+00
  0.0000E+00  3.2006E-01 -1.5149E+00  0.0000E+00  0.0000E+00
  0.0000E+00  3.2006E-01 -1.5149E+00  0.0000E+00  0.0000E+00
  0.0000E+00  3.2006E-01 -1.5149E+00  0.0000E+00  0.0000E+00
  0.0000E+00  3.2006E-01 -1.5149E+00  0.0000E+00  0.0000E+00
  0.0000E+00  3.2006E-01 -1.5149E+00  0.0000E+00  0.0000E+00
  0.0000E+00  3.2006E-01 -1.5149E+00  0.0000E+00  0.0000E+00
  0.0000E+00  3.2006E-01 -1.5149E+00  0.0000E+00  0.0000E+00
  0.0000E+00  3.2006E-01 -1.5149E+00  0.0000E+00  0.0000E+00
  0.0000E+00  3.2006E-01 -1.5149E+00  0.0000E+00  0.0000E+00
  0.0000E+00  1.4178E-01 -1.3521E-02  0.0000E+00  0.0000E+00
  0.0000E+00  1.4178E-01 -1.3521E-02  0.0000E+00  0.0000E+00
  0.0000E+00  1.4178E-01 -1.3521E-02  0.0000E+00  0.0000E+00
  0.0000E+00  1.4178E-01 -1.3521E-02  0.0000E+00  0.0000E+00
  0.0000E+00  1.4178E-01 -1.3521E-02  0.0000E+00  0.0000E+00
  0.0000E+00  1.4178E-01 -1.3521E-02  0.0000E+00  0.0000E+00
  0.0000E+00  1.4178E-01 -1.3521E-02  0.0000E+00  0.0000E+00
  0.0000E+00  1.4178E-01 -1.3521E-02  0.0000E+00  0.0000E+00
  0.0000E+00  1.4178E-01 -1.3521E-02  0.0000E+00  0.0000E+00
  0.0000E+00 -1.8710E-01 -1.4676E-01  0.0000E+00  0.0000E+00
  0.0000E+00 -1.8710E-01 -1.4676E-01  0.0000E+00  0.0000E+00
  0.0000E+00 -1.8710E-01 -1.4676E-01  0.0000E+00  0.0000E+00
  0.0000E+00 -1.8710E-01 -1.4676E-01  0.0000E+00  0.0000E+00
  0.0000E+00 -1.8710E-01 -1.4676E-01  0.0000E+00  0.0000E+00
  0.0000E+00 -1.8710E-01 -1.4676E-01  0.0000E+00  0.0000E+00
  0.0000E+00 -1.8710E-01 -1.4676E-01  0.0000E+00  0.0000E+00
  0.0000E+00 -1.8710E-01 -1.4676E-01  0.0000E+00  0.0000E+00
  0.0000E+00 -1.8710E-01 -1.4676E-01  0.0000E+00  0.0000E+00
  0.0000E+00 -5.8316E-02  3.7829E-02  0.0000E+00  0.0000E+00
  0.0000E+00 -5.8316E-02  3.7829E-02  0.0000E+00  0.0000E+00
  0.0000E+00 -5.8316E-02  3.7829E-02  0.0000E+00  0.0000E+00
  0.0000E+00 -5.8316E-02  3.7829E-02  0.0000E+00  0.0000E+00
  0.0000E+00 -5.8316E-02  3.7829E-02  0.0000E+00  0.0000E+00
  0.0000E+00 -5.8316E-02  3.7829E-02  0.0000E+00  0.0000E+00
  0.0000E+00 -5.8316E-02  3.7829E-02  0.0000E+00  0.0000E+00
  0.0000E+00 -5.8316E-02  3.7829E-02  0.0000E+00  0.0000E+00
  0.0000E+00 -5.8316E-02  3.7829E-02  0.0000E+00  0.0000E+00
  0.0000E+00 -5.8316E-02  3.7829E-02  0.0000E+00  0.0000E+00
  0.0000E+00  4.1296E-01 -8.1203E-01  0.0000E+00  0.0000E+00
  0.0000E+00  4.1296E-01 -8.1203E-01  0.0000E+00  0.0000E+00
  0.0000E+00  4.1296E-01 -8.1203E-01  0.0000E+00  0.0000E+00
  0.0000E+00  4.1296E-01 -8.1203E-01  0.0000E+00  0.0000E+00
  0.0000E+00  4.1296E-01 -8.1203E-01  0.0000E+00  0.0000E+00
  0.0000E+00  4.1296E-01 -8.1203E-01  0.0000E+00  0.0000E+00
  0.0000E+00  4.1296E-01 -8.1203E-01  0.0000E+00  0.0000E+00
  0.0000E+00  4.1296E-01 -8.1203E-01  0.0000E+00  0.0000E+00
  0.0000E+00  4.1296E-01 -8.1203E-01  0.0000E+00  0.0000E+00
  0.0000E+00  4.1296E-01 -8.1203E-01  0.0000E+00  0.0000E+00
  0.0000E+00  7.7229E-02 -7.9229E-01  0.0000E+00  0.0000E+00
  0.0000E+00  7.7229E-02 -7.9229E-01  0.0000E+00  0.0000E+00
  0.0000E+00  7.7229E-02 -7.9229E-01  0.0000E+00  0.0000E+00
  0.0000E+00  7.7229E-02 -7.9229E-01  0.0000E+00  0.0000E+00
  0.0000E+00  7.7229E-02 -7.9229E-01  0.0000E+00  0.0000E+00
  0.0000E+00  7.7229E-02 -7.9229E-01  0.0000E+00  0.0000E+00
  0.0000E+00  7.7229E-02 -7.9229E-01  0.0000E+00  0.0000E+00
  0.0000E+00  7.7229E-02 -7.9229E-01  0.0000E+00  0.0000E+00
  0.0000E+00  7.7229E-02 -7.9229E-01  0.0000E+00  0.0000E+00
  0.0000E+00  1.2346E-01  3.2224E-01  0.0000E+00  0.0000E+00
  0.0000E+00  1.2346E-01  3.2224E-01  0.0000E+00  0.0000E+00
  0.0000E+00  1.2346E-01  3.2224E-01  0.0000E+00  0.0000E+00
  0.0000E+00  1.2346E-01  3.2224E-01  0.0000E+00  0.0000E+00
  0.0000E+00  1.2346E-01  3.2224E-01  0.0000E+00  0.0000E+00
  0.0000E+00  1.2346E-01  3.2224E-01  0.0000E+00  0.0000E+00
  0.0000E+00  1.2346E-01  3.2224E-01  0.0000E+00  0.0000E+00
  0.0000E+00  1.2346E-01  3.2224E-01  0.0000E+00  0.0000E+00
  0.0000E+00 -1.1117E+00  2.6338E-01  0.0000E+00  0.0000E+00
  0.0000E+00 -1.1117E+00  2.6338E-01  0.0000E+00  0.0000E+00
  0.0000E+00 -1.1117E+00  2.6338E-01  0.0000E+00  0.0000E+00
  0.0000E+00 -1.1117E+00  2.6338E-01  0.0000E+00  0.0000E+00
  0.0000E+00 -1.1117E+00  2.6338E-01  0.0000E+00  0.0000E+00
  0.0000E+00 -1.1117E+00  2.6338E-01  0.0000E+00  0.0000E+00
  0.0000E+00 -4.4343E-01  9.6926E-02  0.0000E+00  0.0000E+00
  0.0000E+00 -4.4343E-01  9.6926E-02  0.0000E+00  0.0000E+00
  0.0000E+00 -4.4343E-01  9.6926E-02  0.0000E+00  0.0000E+00
  0.0000E+00 -4.4343E-01  9.6926E-02  0.0000E+00  0.0000E+00
  0.0000E+00 -4.4343E-01  9.6926E-02  0.0000E+00  0.0000E+00
  0.0000E+00 -4.4343E-01  9.6926E-02  0.0000E+00  0.0000E+00
  0.0000E+00 -4.4343E-01  9.6926E-02  0.0000E+00  0.0000E+00
  0.0000E+00 -4.4343E-01  9.6926E-02  0.0000E+00  0.0000E+00
  0.0000E+00  7.8110E-01 -4.5659E-02  0.0000E+00  0.0000E+00
  0.0000E+00  7.8110E-01 -4.5659E-02  0.0000E+00  0.0000E+00
  0.0000E+00  7.8110E-01 -4.5659E-02  0.0000E+00  0.0000E+00
  0.0000E+00  7.8110E-01 -4.5659E-02  0.0000E+00  0.0000E+00
  0.0000E+00  7.8110E-01 -4.5659E-02  0.0000E+00  0.0000E+00
  0.0000E+00  7.8110E-01 -4.5659E-02  0.0000E+00  0.0000E+00
  0.0000E+00  7.8110E-01 -4.5659E-02  0.0000E+00  0.0000E+00
  0.0000E+00  7.8110E-01 -4.5659E-02  0.0000E+00  0.0000E+00
  0.0000E+00  7.8110E-01 -4.5659E-02  0.0000E+00  0.0000E+00
  0.0000E+00 -5.4815E-01  9.1465E-01  0.0000E+00  0.0000E+00
  0.0000E+00 -5.4815E-01  9.1465E-01  0.0000E+00  0.0000E+00
  0.0000E+00 -5.4815E-01  9.1465E-01  0.0000E+00  0.0000E+00
  0.0000E+00 -5.4815E-01  9.1465E-01  0.0000E+00  0.0000E+00
  0.0000E+00 -5.4815E-01  9.1465E-01  0.0000E+00  0.0000E+00
  0.0000E+00  4.9381E-01  1.8065E-01  0.0000E+00  0.0000E+00
  0.0000E+00  4.9381E-01  1.8065E-01  0.0000E+00  0.0000E+00
  0.0000E+00  4.9381E-01  1.8065E-01  0.0000E+00  0.0000E+00
  0.0000E+00  4.9381E-01  1.8065E-01  0.0000E+00  0.0000E+00
  0.0000E+00  4.9381E-01  1.8065E-01  0.0000E+00  0.0000E+00
  0.0000E+00  4.9381E-01  1.8065E-01  0.0000E+00  0.0000E+00
  0.0000E+00  4.9381E-01  1.8065E-01  0.0000E+00  0.0000E+00
  0.0000E+00  4.9381E-01  1.8065E-01  0.0000E+00  0.0000E+00
  0.0000E+00  4.9381E-01  1.8065E-01  0.0000E+00  0.0000E+00
  0.0000E+00  1.8714E-01 -1.0391E+00  0.0000E+00  0.0000E+00
  0.0000E+00  1.8714E-01 -1.0391E+00  0.0000E+00  0.0000E+00
  0.0000E+00  1.8714E-01 -1.0391E+00  0.0000E+00  0.0000E+00
  0.0000E+00  1.8714E-01 -1.0391E+00  0.0000E+00  0.0000E+00
  0.0000E+00  1.8714E-01 -1.0391E+00  0.0000E+00  0.0000E+00
  0.0000E+00  1.8714E-01 -1.0391E+00  0.0000E+00  0.0000E+00
  0.0000E+00  1.8714E-01 -1.0391E+00  0.0000E+00  0.0000E+00
  0.0000E+00  1.8714E-01 -1.0391E+00  0.0000E+00  0.0000E+00
  0.0000E+00  1.8714E-01 -1.0391E+00  0.0000E+00  0.0000E+00
  0.0000E+00  1.8714E-01 -1.0391E+00  0.0000E+00  0.0000E+00
  0.0000E+00 -4.5887E-01  9.7582E-02  0.0000E+00  0.0000E+00
  0.0000E+00 -4.5887E-01  9.7582E-02  0.0000E+00  0.0000E+00
  0.0000E+00 -4.5887E-01  9.7582E-02  0.0000E+00  0.0000E+00
  0.0000E+00 -4.5887E-01  9.7582E-02  0.0000E+00  0.0000E+00
  0.0000E+00 -4.5887E-01  9.7582E-02  0.0000E+00  0.0000E+00
  0.0000E+00 -4.5887E-01  9.7582E-02  0.0000E+00  0.0000E+00
  0.0000E+00 -4.5887E-01  9.7582E-02  0.0000E+00  0.0000E+00
  0.0000E+00 -4.5887E-01  9.7582E-02  0.0000E+00  0.0000E+00
  0.0000E+00 -4.5887E-01  9.7582E-02  0.0000E+00  0.0000E+00
  0.0000E+00  7.3220E-01 -2.8462E-01  0.0000E+00  0.0000E+00
  0.0000E+00  7.3220E-01 -2.8462E-01  0.0000E+00  0.0000E+00
  0.0000E+00  7.3220E-01 -2.8462E-01  0.0000E+00  0.0000E+00
  0.0000E+00  7.3220E-01 -2.8462E-01  0.0000E+00  0.0000E+00
  0.0000E+00  7.3220E-01 -2.8462E-01  0.0000E+00  0.0000E+00
  0.0000E+00  7.3220E-01 -2.8462E-01  0.0000E+00  0.0000E+00
  0.0000E+00  7.3220E-01 -2.8462E-01  0.0000E+00  0.0000E+00
  0.0000E+00  7.3220E-01 -2.8462E-01  0.0000E+00  0.0000E+00
  0.0000E+00  7.3220E-01 -2.8462E-01  0.0000E+00  0.0000E+00
  0.0000E+00  7.3220E-01 -2.8462E-01  0.0000E+00  0.0000E+00
  0.0000E+00  9.6979E-02  5.7034E-01  0.0000E+00  0.0000E+00
  0.0000E+00  9.6979E-02  5.7034E-01  0.0000E+00  0.0000E+00
  0.0000E+00  9.6979E-02  5.7034E-01  0.0000E+00  0.0000E+00
  0.0000E+00  9.6979E-02  5.7034E-01  0.0000E+00  0.0000E+00
  0.0000E+00  9.6979E-02  5.7034E-01  0.0000E+00  0.0000E+00
  0.0000E+00  9.6979E-02  5.7034E-01  0.0000E+00  0.0000E+00
  0.0000E+00  9.6979E-02  5.7034E-01  0.0000E+00  0.0000E+00
  0.0000E+00  1.3636E-01 -6.8395E-01  0.0000E+00  0.0000E+00
  0.0000E+00  1.3636E-01 -6.8395E-01  0.0000E+00  0.0000E+00
  0.0000E+00  1.3636E-01 -6.8395E-01  0.0000E+00  0.0000E+00
  0.0000E+00  1.3636E-01 -6.8395E-01  0.0000E+00  0.0000E+00
  0.0000E+00  1.3636E-01 -6.8395E-01  0.0000E+00  0.0000E+00
  0.0000E+00  1.3636E-01 -6.8395E-01  0.0000E+00  0.0000E+00
  0.0000E+00  1.3636E-01 -6.8395E-01  0.0000E+00  0.0000E+00
  0.0000E+00  1.3636E-01 -6.8395E-01  0.0000E+00  0.0000E+00
  0.0000E+00  1.3636E-01 -6.8395E-01  0.0000E+00  0.0000E+00
  0.0000E+00  1.3636E-01 -6.8395E-01  0.0000E+00  0.0000E+00
  0.0000E+00 -5.9553E-02 -4.4674E-01  0.0000E+00  0.0000E+00
  0.0000E+00 -5.9553E-02 -4.4674E-01  0.0000E+00  0.0000E+00
  0.0000E+00 -5.9553E-02 -4.4674E-01  0.0000E+00  0.0000E+00
  0.0000E+00 -5.9553E-02 -4.4674E-01  0.0000E+00  0.0000E+00
  0.0000E+00 -5.9553E-02 -4.4674E-01  0.0000E+00  0.0000E+00
  0.0000E+00 -5.9553E-02 -4.4674E-01  0.0000E+00  0.0000E+00
  0.0000E+00 -5.9553E-02 -4.4674E-01  0.0000E+00  0.0000E+00
  0.0000E+00 -5.9553E-02 -4.4674E-01  0.0000E+00  0.0000E+00
  0.0000E+00 -5.9553E-02 -4.4674E-01  0.0000E+00  0.0000E+00
  0.0000E+00 -3.2605E-01 -1.2178E-01  0.0000E+00  0.0000E+00
  0.0000E+00 -3.2605E-01 -1.2178E-01  0.0000E+00  0.0000E+00
  0.0000E+00 -3.2605E-01 -1.2178E-01  0.0000E+00  0.0000E+00
  0.0000E+00 -3.2605E-01 -1.2178E-01  0.0000E+00  0.0000E+00
  0.0000E+00 -3.2605E-01 -1.2178E-01  0.0000E+00  0.0000E+00
  0.0000E+00 -3.2605E-01 -1.2178E-01  0.0000E+00  0.0000E+00
  0.0000E+00 -3.2605E-01 -1.2178E-01  0.0000E+00  0.0000E+00
  0.0000E+00 -3.2605E-01 -1.2178E-01  0.0000E+00  0.0000E+00
  0.0000E+00 -3.2605E-01 -1.2178E-01  0.0000E+00  0.0000E+00
  0.0000E+00 -1.7285E-01 -1.4802E-01  0.0000E+00  0.0000E+00
  0.0000E+00 -1.7285E-01 -1.4802E-01  0.0000E+00  0.0000E+00
  0.0000E+00 -1.7285E-01 -1.4802E-01  0.0000E+00  0.0000E+00
  0.0000E+00 -1.7285E-01 -1.4802E-01  0.0000E+00  0.0000E+00
  0.0000E+00 -1.7285E-01 -1.4802E-01  0.0000E+00  0.0000E+00
  0.0000E+00 -1.7285E-01 -1.4802E-01  0.0000E+00  0.0000E+00
  0.0000E+00 -1.7285E-01 -1.4802E-01  0.0000E+00  0.0000E+00
  0.0000E+00 -1.7285E-01 -1.4802E-01  0.0000E+00  0.0000E+00
  0.0000E+00  2.6034E-01  1.9724E-01  0.0000E+00  0.0000E+00
  0.0000E+00  2.6034E-01  1.9724E-01  0.0000E+00  0.0000E+00
  0.0000E+00  2.6034E-01  1.9724E-01  0.0000E+00  0.0000E+00
  0.0000E+00  2.6034E-01  1.9724E-01  0.0000E+00  0.0000E+00
  0.0000E+00  2.6034E-01  1.9724E-01  0.0000E+00  0.0000E+00
  0.0000E+00  2.6034E-01  1.9724E-01  0.0000E+00  0.0000E+00
  0.0000E+00  2.6034E-01  1.9724E-01  0.0000E+00  0.0000E+00
  0.0000E+00  2.6034E-01  1.9724E-01  0.0000E+00  0.0000E+00
  0.0000E+00  2.6034E-01  1.9724E-01  0.0000E+00  0.0000E+00
  0.0000E+00  3.2584E-02 -2.2491E-01  0.0000E+00  0.0000E+00
  0.0000E+00  3.2584E-02 -2.2491E-01  0.0000E+00  0.0000E+00
  0.0000E+00  3.2584E-02 -2.2491E-01  0.0000E+00  0.0000E+00
  0.0000E+00  3.2584E-02 -2.2491E-01  0.0000E+00  0.0000E+00
  0.0000E+00  3.2584E-02 -2.2491E-01  0.0000E+00  0.0000E+00
  0.0000E+00  3.2584E-02 -2.2491E-01  0.0000E+00  0.0000E+00
  0.0000E+00  3.2584E-02 -2.2491E-01  0.0000E+00  0.0000E+00
  0.0000E+00  3.2584E-02 -2.2491E-01  0.0000E+00  0.0000E+00
  0.0000E+00  3.2584E-02 -2.2491E-01  0.0000E+00  0.0000E+00
  0.0000E+00  3.2584E-02 -2.2491E-01  0.0000E+00  0.0000E+00
  0.0000E+00 -4.6232E-01  3.5793E-01  0.0000E+00  0.0000E+00
  0.0000E+00 -4.6232E-01  3.5793E-01  0.0000E+00  0.0000E+00
  0.0000E+00 -4.6232E-01  3.5793E-01  0.0000E+00  0.0000E+00
  0.0000E+00 -4.6232E-01  3.5793E-01  0.0000E+00  0.0000E+00
  0.0000E+00 -4.6232E-01  3.5793E-01  0.0000E+00  0.0000E+00
  0.0000E+00 -4.6232E-01  3.5793E-01  0.0000E+00  0.0000E+00
  0.0000E+00 -4.6232E-01  3.5793E-01  0.0000E+00  0.0000E+00
  0.0000E+00 -4.6232E-01  3.5793E-01  0.0000E+00  0.0000E+00
  0.0000E+00  1.6300E-01  7.0764E-01  0.0000E+00  0.0000E+00
  0.0000E+00  1.6300E-01  7.0764E-01  0.0000E+00  0.0000E+00
  0.0000E+00  1.6300E-01  7.0764E-01  0.0000E+00  0.0000E+00
  0.0000E+00  1.6300E-01  7.0764E-01  0.0000E+00  0.0000E+00
  0.0000E+00  1.6300E-01  7.0764E-01  0.0000E+00  0.0000E+00
  0.0000E+00  1.6300E-01  7.0764E-01  0.0000E+00  0.0000E+00
  0.0000E+00  1.6300E-01  7.0764E-01  0.0000E+00  0.0000E+00
  0.0000E+00  2.1625E-01 -1.4186E+00  0.0000E+00  0.0000E+00
  0.0000E+00  2.1625E-01 -1.4186E+00  0.0000E+00  0.0000E+00
  0.0000E+00  2.1625E-01 -1.4186E+00  0.0000E+00  0.0000E+00
  0.0000E+00  2.1625E-01 -1.4186E+00  0.0000E+00  0.0000E+00
  0.0000E+00  2.1625E-01 -1.4186E+00  0.0000E+00  0.0000E+00
  0.0000E+00  2.1625E-01 -1.4186E+00  0.0000E+00  0.0000E+00
  0.0000E+00  2.1625E-01 -1.4186E+00  0.0000E+00  0.0000E+00
  0.0000E+00  2.1625E-01 -1.4186E+00  0.0000E+00  0.0000E+00
  0.0000E+00  2.1625E-01 -1.4186E+00  0.0000E+00  0.0000E+00
  0.0000E+00  2.1625E-01 -1.4186E+00  0.0000E+00  0.0000E+00
  0.0000E+00  2.3009E-01 -2.1229E-01  0.0000E+00  0.0000E+00
  0.0000E+00  2.3009E-01 -2.1229E-01  0.0000E+00  0.0000E+00
  0.0000E+00  2.3009E-01 -2.1229E-01  0.0000E+00  0.0000E+00
  0.0000E+00  2.3009E-01 -2.1229E-01  0.0000E+00  0.0000E+00
  0.0000E+00  2.3009E-01 -2.1229E-01  0.0000E+00  0.0000E+00
  0.0000E+00  2.3009E-01 -2.1229E-01  0.0000E+00  0.0000E+00
  0.0000E+00  2.3009E-01 -2.1229E-01  0.0000E+00  0.0000E+00
  0.0000E+00  2.3009E-01 -2.1229E-01  0.0000E+00  0.0000E+00
  0.0000E+00  2.3009E-01 -2.1229E-01  0.0000E+00  0.0000E+00
  0.0000E+00  2.3009E-01 -2.1229E-01  0.0000E+00  0.0000E+00
  0.0000E+00 -8.3979E-01  7.2090E-01  0.0000E+00  0.0000E+00
  0.0000E+00 -8.3979E-01  7.2090E-01  0.0000E+00  0.0000E+00
  0.0000E+00 -8.3979E-01  7.2090E-01  0.0000E+00  0.0000E+00
  0.0000E+00 -8.3979E-01  7.2090E-01  0.0000E+00  0.0000E+00
  0.0000E+00 -8.3979E-01  7.2090E-01  0.0000E+00  0.0000E+00
  0.0000E+00 -8.3979E-01  7.2090E-01  0.0000E+00  0.0000E+00
  0.0000E+00 -8.3979E-01  7.2090E-01  0.0000E+00  0.0000E+00
  0.0000E+00 -8.3979E-01  7.2090E-01  0.0000E+00  0.0000E+00
  0.0000E+00 -8.3979E-01  7.2090E-01  0.0000E+00  0.0000E+00
  0.0000E+00  2.7324E-01 -2.0632E-01  0.0000E+00  0.0000E+00
  0.0000E+00  2.7324E-01 -2.0632E-01  0.0000E+00  0.0000E+00
  0.0000E+00  2.7324E-01 -2.0632E-01  0.0000E+00  0.0000E+00
  0.0000E+00  2.7324E-01 -2.0632E-01  0.0000E+00  0.0000E+00
  0.0000E+00  2.7324E-01 -2.0632E-01  0.0000E+00  0.0000E+00
  0.0000E+00  2.7324E-01 -2.0632E-01  0.0000E+00  0.0000E+00
  0.0000E+00  2.7324E-01 -2.0632E-01  0.0000E+00  0.0000E+00
  0.0000E+00  2.7324E-01 -2.0632E-01  0.0000E+00  0.0000E+00
  0.0000E+00  2.7324E-01 -2.0632E-01  0.0000E+00  0.0000E+00
  0.0000E+00  2.7324E-01 -2.0632E-01  0.0000E+00  0.0000E+00
  0.0000E+00  2.9124E-01  3.4376E-01  0.0000E+00  0.0000E+00
  0.0000E+00  2.9124E-01  3.4376E-01  0.0000E+00  0.0000E+00
  0.0000E+00  2.9124E-01  3.4376E-01  0.0000E+00  0.0000E+00
  0.0000E+00  2.9124E-01  3.4376E-01  0.0000E+00  0.0000E+00
  0.0000E+00  2.9124E-01  3.4376E-01  0.0000E+00  0.0000E+00
  0.0000E+00  2.9124E-01  3.4376E-01  0.0000E+00  0.0000E+00
  0.0000E+00  2.9124E-01  3.4376E-01  0.0000E+00  0.0000E+00
  0.0000E+00  2.9124E-01  3.4376E-01  0.0000E+00  0.0000E+00
  0.0000E+00  2.9124E-01  3.4376E-01  0.0000E+00  0.0000E+00
  0.0000E+00  2.9124E-01  3.4376E-01  0.0000E+00  0.0000E+00
  0.0000E+00 -7.3967E-02  9.9901E-01  0.0000E+00  0.0000E+00
  0.0000E+00 -7.3967E-02  9.9901E-01  0.0000E+00  0.0000E+00
  0.0000E+00 -7.3967E-02  9.9901E-01  0.0000E+00  0.0000E+00
  0.0000E+00 -7.3967E-02  9.9901E-01  0.0000E+00  0.0000E+00
  0.0000E+00 -7.3967E-02  9.9901E-01  0.0000E+00  0.0000E+00
  0.0000E+00 -7.3967E-02  9.9901E-01  0.0000E+00  0.0000E+00
  0.0000E+00 -7.3967E-02  9.9901E-01  0.0000E+00  0.0000E+00
  0.0000E+00 -5.1980E-01 -1.2424E-01  0.0000E+00  0.0000E+00
  0.0000E+00 -5.1980E-01 -1.2424E-01  0.0000E+00  0.0000E+00
  0.0000E+00 -5.1980E-01 -1.2424E-01  0.0000E+00  0.0000E+00
  0.0000E+00 -5.1980E-01 -1.2424E-01  0.0000E+00  0.0000E+00
  0.0000E+00 -5.1980E-01 -1.2424E-01  0.0000E+00  0.0000E+00
  0.0000E+00 -5.1980E-01 -1.2424E-01  0.0000E+00  0.0000E+00
  0.0000E+00 -5.1980E-01 -1.2424E-01  0.0000E+00  0.0000E+00
  0.0000E+00 -5.1980E-01 -1.2424E-01  0.0000E+00  0.0000E+00
  0.0000E+00 -5.1980E-01 -1.2424E-01  0.0000E+00  0.0000E+00
  0.0000E+00 -5.1980E-01 -1.2424E-01  0.0000E+00  0.0000E+00
  0.0000E+00  8.6081E-02 -2.4224E-01  0.0000E+00  0.0000E+00
  0.0000E+00  8.6081E-02 -2.4224E-01  0.0000E+00  0.0000E+00
  0.0000E+00  8.6081E-02 -2.4224E-01  0.0000E+00  0.0000E+00
  0.0000E+00  8.6081E-02 -2.4224E-01  0.0000E+00  0.0000E+00
  0.0000E+00  8.6081E-02 -2.4224E-01  0.0000E+00  0.0000E+00
  0.0000E+00  8.6081E-02 -2.4224E-01  0.0000E+00  0.0000E+00
  0.0000E+00  8.6081E-02 -2.4224E-01  0.0000E+00  0.0000E+00
  0.0000E+00  8.6081E-02 -2.4224E-01  0.0000E+00  0.0000E+00
  0.0000E+00  8.6081E-02 -2.4224E-01  0.0000E+00  0.0000E+00
  0.0000E+00  8.6081E-02 -2.4224E-01  0.0000E+00  0.0000E+00
  0.0000E+00  9.3081E-02  9.3622E-02  0.0000E+00  0.0000E+00
  0.0000E+00  9.3081E-02  9.3622E-02  0.0000E+00  0.0000E+00
  0.0000E+00  9.3081E-02  9.3622E-02  0.0000E+00  0.0000E+00
  0.0000E+00  9.3081E-02  9.3622E-02  0.0000E+00  0.0000E+00
  0.0000E+00  9.3081E-02  9.3622E-02  0.0000E+00  0.0000E+00
  0.0000E+00  9.3081E-02  9.3622E-02  0.0000E+00  0.0000E+00
  0.0000E+00  9.3081E-02  9.3622E-02  0.0000E+00  0.0000E+00
  0.0000E+00  9.3081E-02  9.3622E-02  0.0000E+00  0.0000E+00
  0.0000E+00  9.3081E-02  9.3622E-02  0.0000E+00  0.0000E+00
  0.0000E+00  9.3081E-02  9.3622E-02  0.0000E+00  0.0000E+00
  0.0000E+00 -1.1609E-01  1.0049E+00  0.0000E+00  0.0000E+00
  0.0000E+00 -1.1609E-01  1.0049E+00  0.0000E+00  0.0000E+00
  0.0000E+00 -1.1609E-01  1.0049E+00  0.0000E+00  0.0000E+00
  0.0000E+00 -1.1609E-01  1.0049E+00  0.0000E+00  0.0000E+00
  0.0000E+00 -1.1609E-01  1.0049E+00  0.0000E+00  0.0000E+00
  0.0000E+00 -1.1609E-01  1.0049E+00  0.0000E+00  0.0000E+00
  0.0000E+00 -1.1609E-01  1.0049E+00  0.0000E+00  0.0000E+00
  0.0000E+00 -3.5108E-01 -6.7136E-01  0.0000E+00  0.0000E+00
  0.0000E+00 -3.5108E-01 -6.7136E-01  0.0000E+00  0.0000E+00
  0.0000E+00 -3.5108E-01 -6.7136E-01  0.0000E+00  0.0000E+00
  0.0000E+00 -3.5108E-01 -6.7136E-01  0.0000E+00  0.0000E+00
  0.0000E+00 -3.5108E-01 -6.7136E-01  0.0000E+00  0.0000E+00
  0.0000E+00 -3.5108E-01 -6.7136E-01  0.0000E+00  0.0000E+00
  0.0000E+00 -3.5108E-01 -6.7136E-01  0.0000E+00  0.0000E+00
  0.0000E+00 -3.5108E-01 -6.7136E-01  0.0000E+00  0.0000E+00
  0.0000E+00 -3.5108E-01 -6.7136E-01  0.0000E+00  0.0000E+00
  0.0000E+00 -3.5108E-01 -6.7136E-01  0.0000E+00  0.0000E+00
  0.0000E+00  4.1432E-01  9.8527E-01  0.0000E+00  0.0000E+00
  0.0000E+00  4.1432E-01  9.8527E-01  0.0000E+00  0.0000E+00
  0.0000E+00  4.1432E-01  9.8527E-01  0.0000E+00  0.0000E+00
  0.0000E+00  4.1432E-01  9.8527E-01  0.0000E+00  0.0000E+00
  0.0000E+00  4.1432E-01  9.8527E-01  0.0000E+00  0.0000E+00
  0.0000E+00  4.1432E-01  9.8527E-01  0.0000E+00  0.0000E+00
  0.0000E+00  4.1432E-01  9.8527E-01  0.0000E+00  0.0000E+00
  0.0000E+00  4.1432E-01  9.8527E-01  0.0000E+00  0.0000E+00
  0.0000E+00  4.0613E-01  8.1652E-01  0.0000E+00  0.0000E+00
  0.0000E+00  4.0613E-01  8.1652E-01  0.0000E+00  0.0000E+00
  0.0000E+00  4.0613E-01  8.1652E-01  0.0000E+00  0.0000E+00
  0.0000E+00  4.0613E-01  8.1652E-01  0.0000E+00  0.0000E+00
  0.0000E+00  4.0613E-01  8.1652E-01  0.0000E+00  0.0000E+00
  0.0000E+00  4.0613E-01  8.1652E-01  0.0000E+00  0.0000E+00
  0.0000E+00  4.0613E-01  8.1652E-01  0.0000E+00  0.0000E+00
  0.0000E+00  4.0613E-01  8.1652E-01  0.0000E+00  0.0000E+00
  0.0000E+00  4.0613E-01  8.1652E-01  0.0000E+00  0.0000E+00
  0.0000E+00  4.0613E-01  8.1652E-01  0.0000E+00  0.0000E+00
  0.0000E+00 -7.7624E-02 -2.4658E-01  0.0000E+00  0.0000E+00
  0.0000E+00 -7.7624E-02 -2.4658E-01  0.0000E+00  0.0000E+00
  0.0000E+00 -7.7624E-02 -2.4658E-01  0.0000E+00  0.0000E+00
  0.0000E+00 -7.7624E-02 -2.4658E-01  0.0000E+00  0.0000E+00
  0.0000E+00 -7.7624E-02 -2.4658E-01  0.0000E+00  0.0000E+00
  0.0000E+00 -7.7624E-02 -2.4658E-01  0.0000E+00  0.0000E+00
  0.0000E+00 -7.7624E-02 -2.4658E-01  0.0000E+00  0.0000E+00
  0.0000E+00 -7.7624E-02 -2.4658E-01  0.0000E+00  0.0000E+00
  0.0000E+00 -7.7624E-02 -2.4658E-01  0.0000E+00  0.0000E+00
  0.0000E+00 -7.7624E-02 -2.4658E-01  0.0000E+00  0.0000E+00
  0.0000E+00 -1.8437E-01  1.0961E+00  0.0000E+00  0.0000E+00
  0.0000E+00 -1.8437E-01  1.0961E+00  0.0000E+00  0.0000E+00
  0.0000E+00 -1.8437E-01  1.0961E+00  0.0000E+00  0.0000E+00
  0.0000E+00 -1.8437E-01  1.0961E+00  0.0000E+00  0.0000E+00
  0.0000E+00 -1.8437E-01  1.0961E+00  0.0000E+00  0.0000E+00
  0.0000E+00 -1.8437E-01  1.0961E+00  0.0000E+00  0.0000E+00
  0.0000E+00 -1.8437E-01  1.0961E+00  0.0000E+00  0.0000E+00
  0.0000E+00 -1.8437E-01  1.0961E+00  0.0000E+00  0.0000E+00
  0.0000E+00 -1.1702E-01  4.2418E-01  0.0000E+00  0.0000E+00
  0.0000E+00 -1.1702E-01  4.2418E-01  0.0000E+00  0.0000E+00
  0.0000E+00 -1.1702E-01  4.2418E-01  0.0000E+00  0.0000E+00
  0.0000E+00 -1.1702E-01  4.2418E-01  0.0000E+00  0.0000E+00
  0.0000E+00 -1.1702E-01  4.2418E-01  0.0000E+00  0.0000E+00
  0.0000E+00 -1.1702E-01  4.2418E-01  0.0000E+00  0.0000E+00
  0.0000E+00 -1.1702E-01  4.2418E-01  0.0000E+00  0.0000E+00
  0.0000E+00 -1.1702E-01  4.2418E-01  0.0000E+00  0.0000E+00
  0.0000E+00 -1.1702E-01  4.2418E-01  0.0000E+00  0.0000E+00
  0.0000E+00 -1.1702E-01  4.2418E-01  0.0000E+00  0.0000E+00
  0.0000E+00 -2.5743E-01  5.4666E-01  0.0000E+00  0.0000E+00
  0.0000E+00 -2.5743E-01  5.4666E-01  0.0000E+00  0.0000E+00
  0.0000E+00 -2.5743E-01  5.4666E-01  0.0000E+00  0.0000E+00
  0.0000E+00 -2.5743E-01  5.4666E-01  0.0000E+00  0.0000E+00
  0.0000E+00 -2.5743E-01  5.4666E-01  0.0000E+00  0.0000E+00
  0.0000E+00 -2.5743E-01  5.4666E-01  0.0000E+00  0.0000E+00
  0.0000E+00 -2.5743E-01  5.4666E-01  0.0000E+00  0.0000E+00
  0.0000E+00 -2.5743E-01  5.4666E-01  0.0000E+00  0.0000E+00
  0.0000E+00 -2.5743E-01  5.4666E-01  0.0000E+00  0.0000E+00
  0.0000E+00 -2.5743E-01  5.4666E-01  0.0000E+00  0.0000E+00
  0.0000E+00 -4.0713E-01  2.6481E-01  0.0000E+00  0.0000E+00
  0.0000E+00 -4.0713E-01  2.6481E-01  0.0000E+00  0.0000E+00
  0.0000E+00 -4.0713E-01  2.6481E-01  0.0000E+00  0.0000E+00
  0.0000E+00 -4.0713E-01  2.6481E-01  0.0000E+00  0.0000E+00
  0.0000E+00 -4.0713E-01  2.6481E-01  0.0000E+00  0.0000E+00
  0.0000E+00 -4.0713E-01  2.6481E-01  0.0000E+00  0.0000E+00
  0.0000E+00 -4.0713E-01  2.6481E-01  0.0000E+00  0.0000E+00
  0.0000E+00 -4.0713E-01  2.6481E-01  0.0000E+00  0.0000E+00
  0.0000E+00 -4.0713E-01  2.6481E-01  0.0000E+00  0.0000E+00
  0.0000E+00 -4.0713E-01  2.6481E-01  0.0000E+00  0.0000E+00
  0.0000E+00  2.3905E-01 -1.4046E-01  0.0000E+00  0.0000E+00
  0.0000E+00  2.3905E-01 -1.4046E-01  0.0000E+00  0.0000E+00
  0.0000E+00  2.3905E-01 -1.4046E-01  0.0000E+00  0.0000E+00
  0.0000E+00  2.3905E-01 -1.4046E-01  0.0000E+00  0.0000E+00
  0.0000E+00  2.3905E-01 -1.4046E-01  0.0000E+00  0.0000E+00
  0.0000E+00  2.3905E-01 -1.4046E-01  0.0000E+00  0.0000E+00
  0.0000E+00  2.3905E-01 -1.4046E-01  0.0000E+00  0.0000E+00
  0.0000E+00  2.3905E-01 -1.4046E-01  0.0000E+00  0.0000E+00
  0.0000E+00  2.3905E-01 -1.4046E-01  0.0000E+00  0.0000E+00
  0.0000E+00  2.3905E-01 -1.4046E-01  0.0000E+00  0.0000E+00
  0.0000E+00  9.7081E-02  8.6730E-01  0.0000E+00  0.0000E+00
  0.0000E+00  9.7081E-02  8.6730E-01  0.0000E+00  0.0000E+00
  0.0000E+00  9.7081E-02  8.6730E-01  0.0000E+00  0.0000E+00
  0.0000E+00  9.7081E-02  8.6730E-01  0.0000E+00  0.0000E+00
  0.0000E+00  9.7081E-02  8.6730E-01  0.0000E+00  0.0000E+00
  0.0000E+00  9.7081E-02  8.6730E-01  0.0000E+00  0.0000E+00
  0.0000E+00  9.7081E-02  8.6730E-01  0.0000E+00  0.0000E+00
  0.0000E+00  9.7081E-02  8.6730E-01  0.0000E+00  0.0000E+00
  0.0000E+00  4.5251E-01 -3.8471E-01  0.0000E+00  0.0000E+00
  0.0000E+00  4.5251E-01 -3.8471E-01  0.0000E+00  0.0000E+00
  0.0000E+00  4.5251E-01 -3.8471E-01  0.0000E+00  0.0000E+00
  0.0000E+00  4.5251E-01 -3.8471E-01  0.0000E+00  0.0000E+00
  0.0000E+00  4.5251E-01 -3.8471E-01  0.0000E+00  0.0000E+00
  0.0000E+00  4.5251E-01 -3.8471E-01  0.0000E+00  0.0000E+00
  0.0000E+00  4.5251E-01 -3.8471E-01  0.0000E+00  0.0000E+00
  0.0000E+00  4.5251E-01 -3.8471E-01  0.0000E+00  0.0000E+00
  0.0000E+00  4.5251E-01 -3.8471E-01  0.0000E+00  0.0000E+00
  0.0000E+00  4.5251E-01 -3.8471E-01  0.0000E+00  0.0000E+00
  0.0000E+00 -2.2632E-01  8.9665E-01  0.0000E+00  0.0000E+00
  0.0000E+00 -2.2632E-01  8.9665E-01  0.0000E+00  0.0000E+00
  0.0000E+00 -2.2632E-01  8.9665E-01  0.0000E+00  0.0000E+00
  0.0000E+00 -2.2632E-01  8.9665E-01  0.0000E+00  0.0000E+00
  0.0000E+00 -2.2632E-01  8.9665E-01  0.0000E+00  0.0000E+00
  0.0000E+00 -2.2632E-01  8.9665E-01  0.0000E+00  0.0000E+00
  0.0000E+00 -2.2632E-01  8.9665E-01  0.0000E+00  0.0000E+00
  0.0000E+00 -2.2632E-01  8.9665E-01  0.0000E+00  0.0000E+00
  0.0000E+00 -5.5071E-01  3.9048E-01  0.0000E+00  0.0000E+00
  0.0000E+00 -5.5071E-01  3.9048E-01  0.0000E+00  0.0000E+00
  0.0000E+00 -5.5071E-01  3.9048E-01  0.0000E+00  0.0000E+00
  0.0000E+00 -5.5071E-01  3.9048E-01  0.0000E+00  0.0000E+00
  0.0000E+00 -5.5071E-01  3.9048E-01  0.0000E+00  0.0000E+00
  0.0000E+00 -5.5071E-01  3.9048E-01  0.0000E+00  0.0000E+00
  0.0000E+00 -5.5071E-01  3.9048E-01  0.0000E+00  0.0000E+00
  0.0000E+00 -5.5071E-01  3.9048E-01  0.0000E+00  0.0000E+00
  0.0000E+00 -5.5071E-01  3.9048E-01  0.0000E+00  0.0000E+00
  0.0000E+00 -5.5071E-01  3.9048E-01  0.0000E+00  0.0000E+00
  0.0000E+00 -1.2147E-01 -7.5877E-02  0.0000E+00  0.0000E+00
  0.0000E+00 -1.2147E-01 -7.5877E-02  0.0000E+00  0.0000E+00
  0.0000E+00 -1.2147E-01 -7.5877E-02  0.0000E+00  0.0000E+00
  0.0000E+00 -1.2147E-01 -7.5877E-02  0.0000E+00  0.0000E+00
  0.0000E+00 -1.2147E-01 -7.5877E-02  0.0000E+00  0.0000E+00
  0.0000E+00 -1.2147E-01 -7.5877E-02  0.0000E+00  0.0000E+00
  0.0000E+00 -1.2147E-01 -7.5877E-02  0.0000E+00  0.0000E+00
  0.0000E+00 -1.2147E-01 -7.5877E-02  0.0000E+00  0.0000E+00
  0.0000E+00 -1.2147E-01 -7.5877E-02  0.0000E+00  0.0000E+00
  0.0000E+00 -1.2147E-01 -7.5877E-02  0.0000E+00  0.0000E+00
  0.0000E+00 -6.0766E-01  4.7882E-01  0.0000E+00  0.0000E+00
  0.0000E+00 -6.0766E-01  4.7882E-01  0.0000E+00  0.0000E+00
  0.0000E+00 -6.0766E-01  4.7882E-01  0.0000E+00  0.0000E+00
  0.0000E+00 -6.0766E-01  4.7882E-01  0.0000E+00  0.0000E+00
  0.0000E+00 -6.0766E-01  4.7882E-01  0.0000E+00  0.0000E+00
  0.0000E+00 -6.0766E-01  4.7882E-01  0.0000E+00  0.0000E+00
  0.0000E+00 -6.0766E-01  4.7882E-01  0.0000E+00  0.0000E+00
  0.0000E+00 -6.0766E-01  4.7882E-01  0.0000E+00  0.0000E+00
  0.0000E+00 -6.0766E-01  4.7882E-01  0.0000E+00  0.0000E+00
  0.0000E+00 -1.7714E-02 -2.9473E-01  0.0000E+00  0.0000E+00
  0.0000E+00 -1.7714E-02 -2.9473E-01  0.0000E+00  0.0000E+00
  0.0000E+00 -1.7714E-02 -2.9473E-01  0.0000E+00  0.0000E+00
  0.0000E+00 -1.7714E-02 -2.9473E-01  0.0000E+00  0.0000E+00
  0.0000E+00 -1.7714E-02 -2.9473E-01  0.0000E+00  0.0000E+00
  0.0000E+00 -1.7714E-02 -2.9473E-01  0.0000E+00  0.0000E+00
  0.0000E+00 -1.7714E-02 -2.9473E-01  0.0000E+00  0.0000E+00
  0.0000E+00 -1.7714E-02 -2.9473E-01  0.0000E+00  0.0000E+00
  0.0000E+00 -1.7714E-02 -2.9473E-01  0.0000E+00  0.0000E+00
  0.0000E+00 -1.7714E-02 -2.9473E-01  0.0000E+00  0.0000E+00
  0.0000E+00  2.5169E-01  1.1678E-01  0.0000E+00  0.0000E+00
  0.0000E+00  2.5169E-01  1.1678E-01  0.0000E+00  0.0000E+00
  0.0000E+00  2.5169E-01  1.1678E-01  0.0000E+00  0.0000E+00
  0.0000E+00  2.5169E-01  1.1678E-01  0.0000E+00  0.0000E+00
  0.0000E+00  2.5169E-01  1.1678E-01  0.0000E+00  0.0000E+00
  0.0000E+00  2.5169E-01  1.1678E-01  0.0000E+00  0.0000E+00
  0.0000E+00  2.5169E-01  1.1678E-01  0.0000E+00  0.0000E+00
  0.0000E+00  2.5169E-01  1.1678E-01  0.0000E+00  0.0000E+00
  0.0000E+00  2.5169E-01  1.1678E-01  0.0000E+00  0.0000E+00
  0.0000E+00  2.5169E-01  1.1678E-01  0.0000E+00  0.0000E+00
  0.0000E+00 -1.8869E-01  6.5232E-02  0.0000E+00  0.0000E+00
  0.0000E+00 -1.8869E-01  6.5232E-02  0.0000E+00  0.0000E+00
  0.0000E+00 -1.8869E-01  6.5232E-02  0.0000E+00  0.0000E+00
  0.0000E+00 -1.8869E-01  6.5232E-02  0.0000E+00  0.0000E+00
  0.0000E+00 -1.8869E-01  6.5232E-02  0.0000E+00  0.0000E+00
  0.0000E+00 -1.8869E-01  6.5232E-02  0.0000E+00  0.0000E+00
  0.0000E+00 -1.8869E-01  6.5232E-02  0.0000E+00  0.0000E+00
  0.0000E+00 -1.8869E-01  6.5232E-02  0.0000E+00  0.0000E+00
  0.0000E+00 -1.8869E-01  6.5232E-02  0.0000E+00  0.0000E+00
  0.0000E+00 -1.8869E-01  6.5232E-02  0.0000E+00  0.0000E+00
  0.0000E+00 -5.2160E-01 -1.3573E-01  0.0000E+00  0.0000E+00
  0.0000E+00 -5.2160E-01 -1.3573E-01  0.0000E+00  0.0000E+00
  0.0000E+00 -5.2160E-01 -1.3573E-01  0.0000E+00  0.0000E+00
  0.0000E+00 -5.2160E-01 -1.3573E-01  0.0000E+00  0.0000E+00
  0.0000E+00 -5.2160E-01 -1.3573E-01  0.0000E+00  0.0000E+00
  0.0000E+00 -5.2160E-01 -1.3573E-01  0.0000E+00  0.0000E+00
  0.0000E+00 -5.2160E-01 -1.3573E-01  0.0000E+00  0.0000E+00
  0.0000E+00 -5.2160E-01 -1.3573E-01  0.0000E+00  0.0000E+00
  0.0000E+00 -5.2160E-01 -1.3573E-01  0.0000E+00  0.0000E+00
  0.0000E+00 -5.2160E-01 -1.3573E-01  0.0000E+00  0.0000E+00
  0.0000E+00  2.9130E-01  8.6197E-01  0.0000E+00  0.0000E+00
  0.0000E+00  2.9130E-01  8.6197E-01  0.0000E+00  0.0000E+00
  0.0000E+00  2.9130E-01  8.6197E-01  0.0000E+00  0.0000E+00
  0.0000E+00  2.9130E-01  8.6197E-01  0.0000E+00  0.0000E+00
  0.0000E+00  2.9130E-01  8.6197E-01  0.0000E+00  0.0000E+00
  0.0000E+00  2.9130E-01  8.6197E-01  0.0000E+00  0.0000E+00
  0.0000E+00  2.9130E-01  8.6197E-01  0.0000E+00  0.0000E+00
  0.0000E+00  2.9130E-01  8.6197E-01  0.0000E+00  0.0000E+00
  0.0000E+00  2.9130E-01  8.6197E-01  0.0000E+00  0.0000E+00
  0.0000E+00  2.9130E-01  8.6197E-01  0.0000E+00  0.0000E+00
