TABLE NO.  2
 ETA1        ETA2        ETA3
 -2.1769E-03 -7.9729E-01 -3.4253E-01
 -2.1769E-03 -7.9729E-01 -3.4253E-01
 -2.1769E-03 -7.9729E-01 -3.4253E-01
 -2.1769E-03 -7.9729E-01 -3.4253E-01
 -2.1769E-03 -7.9729E-01 -3.4253E-01
 -2.1769E-03 -7.9729E-01 -3.4253E-01
 -1.5727E-02  2.5022E-01 -7.2676E-02
 -1.5727E-02  2.5022E-01 -7.2676E-02
 -1.5727E-02  2.5022E-01 -7.2676E-02
 -1.5727E-02  2.5022E-01 -7.2676E-02
 -1.5727E-02  2.5022E-01 -7.2676E-02
 -1.5727E-02  2.5022E-01 -7.2676E-02
 -1.5727E-02  2.5022E-01 -7.2676E-02
  1.4341E-02  4.5408E-02  3.7305E-01
  1.4341E-02  4.5408E-02  3.7305E-01
  1.4341E-02  4.5408E-02  3.7305E-01
  1.4341E-02  4.5408E-02  3.7305E-01
  1.4341E-02  4.5408E-02  3.7305E-01
  1.4341E-02  4.5408E-02  3.7305E-01
 -1.2412E-02  2.2974E-01  1.6494E-01
 -1.2412E-02  2.2974E-01  1.6494E-01
 -1.2412E-02  2.2974E-01  1.6494E-01
 -1.2412E-02  2.2974E-01  1.6494E-01
 -1.2412E-02  2.2974E-01  1.6494E-01
 -1.4151E-02  1.0724E-01 -9.8882E-03
 -1.4151E-02  1.0724E-01 -9.8882E-03
 -1.4151E-02  1.0724E-01 -9.8882E-03
 -1.4151E-02  1.0724E-01 -9.8882E-03
 -1.4151E-02  1.0724E-01 -9.8882E-03
 -1.4151E-02  1.0724E-01 -9.8882E-03
 -1.4151E-02  1.0724E-01 -9.8882E-03
 -1.4151E-02  1.0724E-01 -9.8882E-03
 -1.9656E-02  1.3965E-01  1.1181E-01
 -1.9656E-02  1.3965E-01  1.1181E-01
 -1.9656E-02  1.3965E-01  1.1181E-01
 -1.9656E-02  1.3965E-01  1.1181E-01
 -1.9656E-02  1.3965E-01  1.1181E-01
 -1.9656E-02  1.3965E-01  1.1181E-01
 -9.0811E-04  1.7158E-01  2.2728E-01
 -9.0811E-04  1.7158E-01  2.2728E-01
 -9.0811E-04  1.7158E-01  2.2728E-01
 -9.0811E-04  1.7158E-01  2.2728E-01
 -9.0811E-04  1.7158E-01  2.2728E-01
 -9.1400E-03  1.0857E-01 -5.0132E-01
 -9.1400E-03  1.0857E-01 -5.0132E-01
 -9.1400E-03  1.0857E-01 -5.0132E-01
 -9.1400E-03  1.0857E-01 -5.0132E-01
 -9.1400E-03  1.0857E-01 -5.0132E-01
 -9.1400E-03  1.0857E-01 -5.0132E-01
 -9.1400E-03  1.0857E-01 -5.0132E-01
 -9.1400E-03  1.0857E-01 -5.0132E-01
 -9.1400E-03  1.0857E-01 -5.0132E-01
 -9.1400E-03  1.0857E-01 -5.0132E-01
 -7.6874E-03 -1.4863E-01 -1.1533E-01
 -7.6874E-03 -1.4863E-01 -1.1533E-01
 -7.6874E-03 -1.4863E-01 -1.1533E-01
 -7.6874E-03 -1.4863E-01 -1.1533E-01
 -7.6874E-03 -1.4863E-01 -1.1533E-01
 -7.6874E-03 -1.4863E-01 -1.1533E-01
 -7.6874E-03 -1.4863E-01 -1.1533E-01
 -5.6702E-03  3.3055E-01  1.9129E-01
 -5.6702E-03  3.3055E-01  1.9129E-01
 -5.6702E-03  3.3055E-01  1.9129E-01
 -5.6702E-03  3.3055E-01  1.9129E-01
 -5.6702E-03  3.3055E-01  1.9129E-01
  8.0477E-03 -1.6493E-01  1.7574E-01
  8.0477E-03 -1.6493E-01  1.7574E-01
  8.0477E-03 -1.6493E-01  1.7574E-01
  8.0477E-03 -1.6493E-01  1.7574E-01
  8.0477E-03 -1.6493E-01  1.7574E-01
  8.0477E-03 -1.6493E-01  1.7574E-01
  1.1178E-02 -5.0461E-01  4.8210E-04
  1.1178E-02 -5.0461E-01  4.8210E-04
  1.1178E-02 -5.0461E-01  4.8210E-04
  1.1178E-02 -5.0461E-01  4.8210E-04
  1.1178E-02 -5.0461E-01  4.8210E-04
  1.1178E-02 -5.0461E-01  4.8210E-04
 -1.7210E-03  3.7511E-01 -1.4693E-01
 -1.7210E-03  3.7511E-01 -1.4693E-01
 -1.7210E-03  3.7511E-01 -1.4693E-01
 -1.7210E-03  3.7511E-01 -1.4693E-01
 -1.7210E-03  3.7511E-01 -1.4693E-01
 -1.7210E-03  3.7511E-01 -1.4693E-01
 -1.7210E-03  3.7511E-01 -1.4693E-01
 -1.7210E-03  3.7511E-01 -1.4693E-01
 -5.2583E-03  2.2746E-01  2.6131E-02
 -5.2583E-03  2.2746E-01  2.6131E-02
 -5.2583E-03  2.2746E-01  2.6131E-02
 -5.2583E-03  2.2746E-01  2.6131E-02
 -5.2583E-03  2.2746E-01  2.6131E-02
 -5.2583E-03  2.2746E-01  2.6131E-02
  1.2695E-02 -5.9368E-01 -1.3298E-01
  1.2695E-02 -5.9368E-01 -1.3298E-01
  1.2695E-02 -5.9368E-01 -1.3298E-01
  1.2695E-02 -5.9368E-01 -1.3298E-01
  1.2695E-02 -5.9368E-01 -1.3298E-01
  1.2695E-02 -5.9368E-01 -1.3298E-01
 -1.8914E-03  3.0447E-01  7.0979E-02
 -1.8914E-03  3.0447E-01  7.0979E-02
 -1.8914E-03  3.0447E-01  7.0979E-02
 -1.8914E-03  3.0447E-01  7.0979E-02
  3.5812E-03 -1.3034E-03  2.5974E-01
  3.5812E-03 -1.3034E-03  2.5974E-01
  3.5812E-03 -1.3034E-03  2.5974E-01
  3.5812E-03 -1.3034E-03  2.5974E-01
  3.5812E-03 -1.3034E-03  2.5974E-01
  3.5812E-03 -1.3034E-03  2.5974E-01
  5.3452E-03  2.3723E-01  5.4755E-02
  5.3452E-03  2.3723E-01  5.4755E-02
  5.3452E-03  2.3723E-01  5.4755E-02
  5.3452E-03  2.3723E-01  5.4755E-02
  5.3452E-03  2.3723E-01  5.4755E-02
  5.3452E-03  2.3723E-01  5.4755E-02
 -3.6587E-03  2.8243E-01 -1.8901E-01
 -3.6587E-03  2.8243E-01 -1.8901E-01
 -3.6587E-03  2.8243E-01 -1.8901E-01
 -3.6587E-03  2.8243E-01 -1.8901E-01
 -3.6587E-03  2.8243E-01 -1.8901E-01
 -3.6587E-03  2.8243E-01 -1.8901E-01
 -3.6587E-03  2.8243E-01 -1.8901E-01
  1.6905E-02 -4.9178E-02  1.7862E-01
  1.6905E-02 -4.9178E-02  1.7862E-01
  1.6905E-02 -4.9178E-02  1.7862E-01
  1.6905E-02 -4.9178E-02  1.7862E-01
  1.6905E-02 -4.9178E-02  1.7862E-01
  1.6905E-02 -4.9178E-02  1.7862E-01
  1.4575E-02 -5.3508E-01  1.2932E-01
  1.4575E-02 -5.3508E-01  1.2932E-01
  1.4575E-02 -5.3508E-01  1.2932E-01
  1.4575E-02 -5.3508E-01  1.2932E-01
  1.4575E-02 -5.3508E-01  1.2932E-01
  1.4575E-02 -5.3508E-01  1.2932E-01
  1.6716E-03 -3.0305E-01 -5.6832E-02
  1.6716E-03 -3.0305E-01 -5.6832E-02
  1.6716E-03 -3.0305E-01 -5.6832E-02
  1.6716E-03 -3.0305E-01 -5.6832E-02
  1.6716E-03 -3.0305E-01 -5.6832E-02
  1.6716E-03 -3.0305E-01 -5.6832E-02
  1.6716E-03 -3.0305E-01 -5.6832E-02
 -5.1443E-03 -2.7124E-01 -2.1443E-01
 -5.1443E-03 -2.7124E-01 -2.1443E-01
 -5.1443E-03 -2.7124E-01 -2.1443E-01
 -5.1443E-03 -2.7124E-01 -2.1443E-01
 -5.1443E-03 -2.7124E-01 -2.1443E-01
 -5.1443E-03 -2.7124E-01 -2.1443E-01
 -2.3447E-02  4.5066E-02 -1.0029E-01
 -2.3447E-02  4.5066E-02 -1.0029E-01
 -2.3447E-02  4.5066E-02 -1.0029E-01
 -2.3447E-02  4.5066E-02 -1.0029E-01
 -2.3447E-02  4.5066E-02 -1.0029E-01
 -2.6292E-03 -1.3869E-03  2.6778E-01
 -2.6292E-03 -1.3869E-03  2.6778E-01
 -2.6292E-03 -1.3869E-03  2.6778E-01
 -2.6292E-03 -1.3869E-03  2.6778E-01
 -2.6292E-03 -1.3869E-03  2.6778E-01
 -2.6292E-03 -1.3869E-03  2.6778E-01
 -9.0924E-03  3.2050E-01  1.8254E-01
 -9.0924E-03  3.2050E-01  1.8254E-01
 -9.0924E-03  3.2050E-01  1.8254E-01
 -9.0924E-03  3.2050E-01  1.8254E-01
 -9.0924E-03  3.2050E-01  1.8254E-01
 -6.8925E-03  5.9389E-01  1.5082E-01
 -6.8925E-03  5.9389E-01  1.5082E-01
 -6.8925E-03  5.9389E-01  1.5082E-01
 -6.8925E-03  5.9389E-01  1.5082E-01
 -6.8925E-03  5.9389E-01  1.5082E-01
 -6.8925E-03  5.9389E-01  1.5082E-01
  7.3735E-04  3.2030E-01  2.5042E-01
  7.3735E-04  3.2030E-01  2.5042E-01
  7.3735E-04  3.2030E-01  2.5042E-01
  7.3735E-04  3.2030E-01  2.5042E-01
  7.3735E-04  3.2030E-01  2.5042E-01
  7.3735E-04  3.2030E-01  2.5042E-01
  1.4274E-03  3.5182E-02  1.9885E-01
  1.4274E-03  3.5182E-02  1.9885E-01
  1.4274E-03  3.5182E-02  1.9885E-01
  1.4274E-03  3.5182E-02  1.9885E-01
  1.4274E-03  3.5182E-02  1.9885E-01
  1.4274E-03  3.5182E-02  1.9885E-01
 -5.8545E-03  5.1870E-01  9.5655E-02
 -5.8545E-03  5.1870E-01  9.5655E-02
 -5.8545E-03  5.1870E-01  9.5655E-02
 -5.8545E-03  5.1870E-01  9.5655E-02
 -5.8545E-03  5.1870E-01  9.5655E-02
 -5.8545E-03  5.1870E-01  9.5655E-02
 -1.7367E-02 -1.7792E-01  8.4752E-02
 -1.7367E-02 -1.7792E-01  8.4752E-02
 -1.7367E-02 -1.7792E-01  8.4752E-02
 -1.7367E-02 -1.7792E-01  8.4752E-02
 -1.7367E-02 -1.7792E-01  8.4752E-02
 -1.7367E-02 -1.7792E-01  8.4752E-02
 -1.7367E-02 -1.7792E-01  8.4752E-02
 -1.7367E-02 -1.7792E-01  8.4752E-02
 -1.7367E-02 -1.7792E-01  8.4752E-02
 -4.3343E-02  3.2015E-01  2.9468E-02
 -4.3343E-02  3.2015E-01  2.9468E-02
 -4.3343E-02  3.2015E-01  2.9468E-02
 -4.3343E-02  3.2015E-01  2.9468E-02
 -4.3343E-02  3.2015E-01  2.9468E-02
 -4.3343E-02  3.2015E-01  2.9468E-02
 -4.3343E-02  3.2015E-01  2.9468E-02
 -4.3343E-02  3.2015E-01  2.9468E-02
 -4.3343E-02  3.2015E-01  2.9468E-02
 -4.1787E-03  5.4676E-02 -5.7099E-02
 -4.1787E-03  5.4676E-02 -5.7099E-02
 -4.1787E-03  5.4676E-02 -5.7099E-02
 -4.1787E-03  5.4676E-02 -5.7099E-02
 -4.1787E-03  5.4676E-02 -5.7099E-02
 -4.1787E-03  5.4676E-02 -5.7099E-02
 -4.1787E-03  5.4676E-02 -5.7099E-02
 -4.1787E-03  5.4676E-02 -5.7099E-02
 -4.1787E-03  5.4676E-02 -5.7099E-02
 -5.8571E-03 -3.5546E-02  1.7465E-01
 -5.8571E-03 -3.5546E-02  1.7465E-01
 -5.8571E-03 -3.5546E-02  1.7465E-01
 -5.8571E-03 -3.5546E-02  1.7465E-01
 -5.8571E-03 -3.5546E-02  1.7465E-01
 -5.8571E-03 -3.5546E-02  1.7465E-01
 -5.8571E-03 -3.5546E-02  1.7465E-01
 -5.8571E-03 -3.5546E-02  1.7465E-01
 -5.8571E-03 -3.5546E-02  1.7465E-01
  8.5841E-03 -1.1289E-01 -2.1508E-01
  8.5841E-03 -1.1289E-01 -2.1508E-01
  8.5841E-03 -1.1289E-01 -2.1508E-01
  8.5841E-03 -1.1289E-01 -2.1508E-01
  8.5841E-03 -1.1289E-01 -2.1508E-01
  8.5841E-03 -1.1289E-01 -2.1508E-01
  8.5841E-03 -1.1289E-01 -2.1508E-01
  8.5841E-03 -1.1289E-01 -2.1508E-01
  8.5841E-03 -1.1289E-01 -2.1508E-01
  8.5841E-03 -1.1289E-01 -2.1508E-01
  1.8452E-02 -4.9333E-01 -1.9505E-02
  1.8452E-02 -4.9333E-01 -1.9505E-02
  1.8452E-02 -4.9333E-01 -1.9505E-02
  1.8452E-02 -4.9333E-01 -1.9505E-02
  1.8452E-02 -4.9333E-01 -1.9505E-02
  1.8452E-02 -4.9333E-01 -1.9505E-02
  1.8452E-02 -4.9333E-01 -1.9505E-02
  1.8452E-02 -4.9333E-01 -1.9505E-02
 -4.0348E-02  1.9318E-01 -8.5735E-01
 -4.0348E-02  1.9318E-01 -8.5735E-01
 -4.0348E-02  1.9318E-01 -8.5735E-01
 -4.0348E-02  1.9318E-01 -8.5735E-01
 -4.0348E-02  1.9318E-01 -8.5735E-01
 -4.0348E-02  1.9318E-01 -8.5735E-01
 -4.0348E-02  1.9318E-01 -8.5735E-01
 -4.0348E-02  1.9318E-01 -8.5735E-01
 -4.0348E-02  1.9318E-01 -8.5735E-01
 -4.0348E-02  1.9318E-01 -8.5735E-01
  3.2415E-02  2.4477E-01 -6.4720E-03
  3.2415E-02  2.4477E-01 -6.4720E-03
  3.2415E-02  2.4477E-01 -6.4720E-03
  3.2415E-02  2.4477E-01 -6.4720E-03
  3.2415E-02  2.4477E-01 -6.4720E-03
  3.2415E-02  2.4477E-01 -6.4720E-03
  3.2415E-02  2.4477E-01 -6.4720E-03
  3.2415E-02  2.4477E-01 -6.4720E-03
  3.2415E-02  2.4477E-01 -6.4720E-03
 -8.4212E-03 -2.1922E-01 -9.7510E-02
 -8.4212E-03 -2.1922E-01 -9.7510E-02
 -8.4212E-03 -2.1922E-01 -9.7510E-02
 -8.4212E-03 -2.1922E-01 -9.7510E-02
 -8.4212E-03 -2.1922E-01 -9.7510E-02
 -8.4212E-03 -2.1922E-01 -9.7510E-02
 -8.4212E-03 -2.1922E-01 -9.7510E-02
 -8.4212E-03 -2.1922E-01 -9.7510E-02
 -8.4212E-03 -2.1922E-01 -9.7510E-02
 -1.8412E-02 -1.0456E-01 -2.0123E-02
 -1.8412E-02 -1.0456E-01 -2.0123E-02
 -1.8412E-02 -1.0456E-01 -2.0123E-02
 -1.8412E-02 -1.0456E-01 -2.0123E-02
 -1.8412E-02 -1.0456E-01 -2.0123E-02
 -1.8412E-02 -1.0456E-01 -2.0123E-02
 -1.8412E-02 -1.0456E-01 -2.0123E-02
 -1.8412E-02 -1.0456E-01 -2.0123E-02
 -1.8412E-02 -1.0456E-01 -2.0123E-02
 -1.8412E-02 -1.0456E-01 -2.0123E-02
 -1.0741E-02  3.0292E-01 -5.5802E-01
 -1.0741E-02  3.0292E-01 -5.5802E-01
 -1.0741E-02  3.0292E-01 -5.5802E-01
 -1.0741E-02  3.0292E-01 -5.5802E-01
 -1.0741E-02  3.0292E-01 -5.5802E-01
 -1.0741E-02  3.0292E-01 -5.5802E-01
 -1.0741E-02  3.0292E-01 -5.5802E-01
 -1.0741E-02  3.0292E-01 -5.5802E-01
 -1.0741E-02  3.0292E-01 -5.5802E-01
 -1.0741E-02  3.0292E-01 -5.5802E-01
 -4.0096E-03  6.3384E-02 -5.6985E-01
 -4.0096E-03  6.3384E-02 -5.6985E-01
 -4.0096E-03  6.3384E-02 -5.6985E-01
 -4.0096E-03  6.3384E-02 -5.6985E-01
 -4.0096E-03  6.3384E-02 -5.6985E-01
 -4.0096E-03  6.3384E-02 -5.6985E-01
 -4.0096E-03  6.3384E-02 -5.6985E-01
 -4.0096E-03  6.3384E-02 -5.6985E-01
 -4.0096E-03  6.3384E-02 -5.6985E-01
 -5.8135E-03  5.6078E-02  2.4500E-01
 -5.8135E-03  5.6078E-02  2.4500E-01
 -5.8135E-03  5.6078E-02  2.4500E-01
 -5.8135E-03  5.6078E-02  2.4500E-01
 -5.8135E-03  5.6078E-02  2.4500E-01
 -5.8135E-03  5.6078E-02  2.4500E-01
 -5.8135E-03  5.6078E-02  2.4500E-01
 -5.8135E-03  5.6078E-02  2.4500E-01
  3.6617E-02 -1.0660E+00  2.1175E-01
  3.6617E-02 -1.0660E+00  2.1175E-01
  3.6617E-02 -1.0660E+00  2.1175E-01
  3.6617E-02 -1.0660E+00  2.1175E-01
  3.6617E-02 -1.0660E+00  2.1175E-01
  3.6617E-02 -1.0660E+00  2.1175E-01
 -1.5317E-02 -4.9539E-01  9.5464E-03
 -1.5317E-02 -4.9539E-01  9.5464E-03
 -1.5317E-02 -4.9539E-01  9.5464E-03
 -1.5317E-02 -4.9539E-01  9.5464E-03
 -1.5317E-02 -4.9539E-01  9.5464E-03
 -1.5317E-02 -4.9539E-01  9.5464E-03
 -1.5317E-02 -4.9539E-01  9.5464E-03
 -1.5317E-02 -4.9539E-01  9.5464E-03
 -3.6645E-02  6.3658E-01 -1.0469E-01
 -3.6645E-02  6.3658E-01 -1.0469E-01
 -3.6645E-02  6.3658E-01 -1.0469E-01
 -3.6645E-02  6.3658E-01 -1.0469E-01
 -3.6645E-02  6.3658E-01 -1.0469E-01
 -3.6645E-02  6.3658E-01 -1.0469E-01
 -3.6645E-02  6.3658E-01 -1.0469E-01
 -3.6645E-02  6.3658E-01 -1.0469E-01
 -3.6645E-02  6.3658E-01 -1.0469E-01
  2.0221E-02 -5.4131E-01  6.2337E-01
  2.0221E-02 -5.4131E-01  6.2337E-01
  2.0221E-02 -5.4131E-01  6.2337E-01
  2.0221E-02 -5.4131E-01  6.2337E-01
  2.0221E-02 -5.4131E-01  6.2337E-01
 -1.3015E-02  4.5712E-01  1.3044E-02
 -1.3015E-02  4.5712E-01  1.3044E-02
 -1.3015E-02  4.5712E-01  1.3044E-02
 -1.3015E-02  4.5712E-01  1.3044E-02
 -1.3015E-02  4.5712E-01  1.3044E-02
 -1.3015E-02  4.5712E-01  1.3044E-02
 -1.3015E-02  4.5712E-01  1.3044E-02
 -1.3015E-02  4.5712E-01  1.3044E-02
 -1.3015E-02  4.5712E-01  1.3044E-02
 -1.8128E-02  1.0350E-01 -6.9044E-01
 -1.8128E-02  1.0350E-01 -6.9044E-01
 -1.8128E-02  1.0350E-01 -6.9044E-01
 -1.8128E-02  1.0350E-01 -6.9044E-01
 -1.8128E-02  1.0350E-01 -6.9044E-01
 -1.8128E-02  1.0350E-01 -6.9044E-01
 -1.8128E-02  1.0350E-01 -6.9044E-01
 -1.8128E-02  1.0350E-01 -6.9044E-01
 -1.8128E-02  1.0350E-01 -6.9044E-01
 -1.8128E-02  1.0350E-01 -6.9044E-01
 -2.3033E-02 -4.8524E-01  1.2375E-02
 -2.3033E-02 -4.8524E-01  1.2375E-02
 -2.3033E-02 -4.8524E-01  1.2375E-02
 -2.3033E-02 -4.8524E-01  1.2375E-02
 -2.3033E-02 -4.8524E-01  1.2375E-02
 -2.3033E-02 -4.8524E-01  1.2375E-02
 -2.3033E-02 -4.8524E-01  1.2375E-02
 -2.3033E-02 -4.8524E-01  1.2375E-02
 -2.3033E-02 -4.8524E-01  1.2375E-02
 -3.9965E-02  5.4604E-01 -2.3227E-01
 -3.9965E-02  5.4604E-01 -2.3227E-01
 -3.9965E-02  5.4604E-01 -2.3227E-01
 -3.9965E-02  5.4604E-01 -2.3227E-01
 -3.9965E-02  5.4604E-01 -2.3227E-01
 -3.9965E-02  5.4604E-01 -2.3227E-01
 -3.9965E-02  5.4604E-01 -2.3227E-01
 -3.9965E-02  5.4604E-01 -2.3227E-01
 -3.9965E-02  5.4604E-01 -2.3227E-01
 -3.9965E-02  5.4604E-01 -2.3227E-01
  1.7341E-02  1.1576E-01  3.5956E-01
  1.7341E-02  1.1576E-01  3.5956E-01
  1.7341E-02  1.1576E-01  3.5956E-01
  1.7341E-02  1.1576E-01  3.5956E-01
  1.7341E-02  1.1576E-01  3.5956E-01
  1.7341E-02  1.1576E-01  3.5956E-01
  1.7341E-02  1.1576E-01  3.5956E-01
  1.4024E-03  8.5461E-02 -4.8079E-01
  1.4024E-03  8.5461E-02 -4.8079E-01
  1.4024E-03  8.5461E-02 -4.8079E-01
  1.4024E-03  8.5461E-02 -4.8079E-01
  1.4024E-03  8.5461E-02 -4.8079E-01
  1.4024E-03  8.5461E-02 -4.8079E-01
  1.4024E-03  8.5461E-02 -4.8079E-01
  1.4024E-03  8.5461E-02 -4.8079E-01
  1.4024E-03  8.5461E-02 -4.8079E-01
  1.4024E-03  8.5461E-02 -4.8079E-01
 -1.3488E-03 -1.0361E-01 -4.0871E-01
 -1.3488E-03 -1.0361E-01 -4.0871E-01
 -1.3488E-03 -1.0361E-01 -4.0871E-01
 -1.3488E-03 -1.0361E-01 -4.0871E-01
 -1.3488E-03 -1.0361E-01 -4.0871E-01
 -1.3488E-03 -1.0361E-01 -4.0871E-01
 -1.3488E-03 -1.0361E-01 -4.0871E-01
 -1.3488E-03 -1.0361E-01 -4.0871E-01
 -1.3488E-03 -1.0361E-01 -4.0871E-01
  3.7831E-02 -3.1578E-01 -1.2619E-01
  3.7831E-02 -3.1578E-01 -1.2619E-01
  3.7831E-02 -3.1578E-01 -1.2619E-01
  3.7831E-02 -3.1578E-01 -1.2619E-01
  3.7831E-02 -3.1578E-01 -1.2619E-01
  3.7831E-02 -3.1578E-01 -1.2619E-01
  3.7831E-02 -3.1578E-01 -1.2619E-01
  3.7831E-02 -3.1578E-01 -1.2619E-01
  3.7831E-02 -3.1578E-01 -1.2619E-01
  2.5032E-02 -2.2253E-01 -2.1539E-01
  2.5032E-02 -2.2253E-01 -2.1539E-01
  2.5032E-02 -2.2253E-01 -2.1539E-01
  2.5032E-02 -2.2253E-01 -2.1539E-01
  2.5032E-02 -2.2253E-01 -2.1539E-01
  2.5032E-02 -2.2253E-01 -2.1539E-01
  2.5032E-02 -2.2253E-01 -2.1539E-01
  2.5032E-02 -2.2253E-01 -2.1539E-01
 -2.8137E-02  1.4172E-01  7.9710E-02
 -2.8137E-02  1.4172E-01  7.9710E-02
 -2.8137E-02  1.4172E-01  7.9710E-02
 -2.8137E-02  1.4172E-01  7.9710E-02
 -2.8137E-02  1.4172E-01  7.9710E-02
 -2.8137E-02  1.4172E-01  7.9710E-02
 -2.8137E-02  1.4172E-01  7.9710E-02
 -2.8137E-02  1.4172E-01  7.9710E-02
 -2.8137E-02  1.4172E-01  7.9710E-02
 -5.4474E-03  1.1296E-02 -1.5381E-01
 -5.4474E-03  1.1296E-02 -1.5381E-01
 -5.4474E-03  1.1296E-02 -1.5381E-01
 -5.4474E-03  1.1296E-02 -1.5381E-01
 -5.4474E-03  1.1296E-02 -1.5381E-01
 -5.4474E-03  1.1296E-02 -1.5381E-01
 -5.4474E-03  1.1296E-02 -1.5381E-01
 -5.4474E-03  1.1296E-02 -1.5381E-01
 -5.4474E-03  1.1296E-02 -1.5381E-01
 -5.4474E-03  1.1296E-02 -1.5381E-01
  8.1239E-03 -3.8335E-01  3.5698E-01
  8.1239E-03 -3.8335E-01  3.5698E-01
  8.1239E-03 -3.8335E-01  3.5698E-01
  8.1239E-03 -3.8335E-01  3.5698E-01
  8.1239E-03 -3.8335E-01  3.5698E-01
  8.1239E-03 -3.8335E-01  3.5698E-01
  8.1239E-03 -3.8335E-01  3.5698E-01
  8.1239E-03 -3.8335E-01  3.5698E-01
 -2.2360E-02  5.4072E-02  4.6985E-01
 -2.2360E-02  5.4072E-02  4.6985E-01
 -2.2360E-02  5.4072E-02  4.6985E-01
 -2.2360E-02  5.4072E-02  4.6985E-01
 -2.2360E-02  5.4072E-02  4.6985E-01
 -2.2360E-02  5.4072E-02  4.6985E-01
 -2.2360E-02  5.4072E-02  4.6985E-01
 -6.5118E-02  1.3078E-01 -9.0924E-01
 -6.5118E-02  1.3078E-01 -9.0924E-01
 -6.5118E-02  1.3078E-01 -9.0924E-01
 -6.5118E-02  1.3078E-01 -9.0924E-01
 -6.5118E-02  1.3078E-01 -9.0924E-01
 -6.5118E-02  1.3078E-01 -9.0924E-01
 -6.5118E-02  1.3078E-01 -9.0924E-01
 -6.5118E-02  1.3078E-01 -9.0924E-01
 -6.5118E-02  1.3078E-01 -9.0924E-01
 -6.5118E-02  1.3078E-01 -9.0924E-01
 -2.6863E-02  2.0511E-01 -3.0069E-01
 -2.6863E-02  2.0511E-01 -3.0069E-01
 -2.6863E-02  2.0511E-01 -3.0069E-01
 -2.6863E-02  2.0511E-01 -3.0069E-01
 -2.6863E-02  2.0511E-01 -3.0069E-01
 -2.6863E-02  2.0511E-01 -3.0069E-01
 -2.6863E-02  2.0511E-01 -3.0069E-01
 -2.6863E-02  2.0511E-01 -3.0069E-01
 -2.6863E-02  2.0511E-01 -3.0069E-01
 -2.6863E-02  2.0511E-01 -3.0069E-01
 -2.6849E-04 -7.2093E-01  3.3284E-01
 -2.6849E-04 -7.2093E-01  3.3284E-01
 -2.6849E-04 -7.2093E-01  3.3284E-01
 -2.6849E-04 -7.2093E-01  3.3284E-01
 -2.6849E-04 -7.2093E-01  3.3284E-01
 -2.6849E-04 -7.2093E-01  3.3284E-01
 -2.6849E-04 -7.2093E-01  3.3284E-01
 -2.6849E-04 -7.2093E-01  3.3284E-01
 -2.6849E-04 -7.2093E-01  3.3284E-01
  3.3300E-02  3.9804E-01 -2.9754E-01
  3.3300E-02  3.9804E-01 -2.9754E-01
  3.3300E-02  3.9804E-01 -2.9754E-01
  3.3300E-02  3.9804E-01 -2.9754E-01
  3.3300E-02  3.9804E-01 -2.9754E-01
  3.3300E-02  3.9804E-01 -2.9754E-01
  3.3300E-02  3.9804E-01 -2.9754E-01
  3.3300E-02  3.9804E-01 -2.9754E-01
  3.3300E-02  3.9804E-01 -2.9754E-01
  3.3300E-02  3.9804E-01 -2.9754E-01
 -4.8878E-03  2.7247E-01  8.8172E-02
 -4.8878E-03  2.7247E-01  8.8172E-02
 -4.8878E-03  2.7247E-01  8.8172E-02
 -4.8878E-03  2.7247E-01  8.8172E-02
 -4.8878E-03  2.7247E-01  8.8172E-02
 -4.8878E-03  2.7247E-01  8.8172E-02
 -4.8878E-03  2.7247E-01  8.8172E-02
 -4.8878E-03  2.7247E-01  8.8172E-02
 -4.8878E-03  2.7247E-01  8.8172E-02
 -4.8878E-03  2.7247E-01  8.8172E-02
 -4.8405E-02 -1.8154E-01  6.5222E-01
 -4.8405E-02 -1.8154E-01  6.5222E-01
 -4.8405E-02 -1.8154E-01  6.5222E-01
 -4.8405E-02 -1.8154E-01  6.5222E-01
 -4.8405E-02 -1.8154E-01  6.5222E-01
 -4.8405E-02 -1.8154E-01  6.5222E-01
 -4.8405E-02 -1.8154E-01  6.5222E-01
  5.8737E-02 -3.9216E-01 -4.5005E-01
  5.8737E-02 -3.9216E-01 -4.5005E-01
  5.8737E-02 -3.9216E-01 -4.5005E-01
  5.8737E-02 -3.9216E-01 -4.5005E-01
  5.8737E-02 -3.9216E-01 -4.5005E-01
  5.8737E-02 -3.9216E-01 -4.5005E-01
  5.8737E-02 -3.9216E-01 -4.5005E-01
  5.8737E-02 -3.9216E-01 -4.5005E-01
  5.8737E-02 -3.9216E-01 -4.5005E-01
  5.8737E-02 -3.9216E-01 -4.5005E-01
 -4.6198E-02  4.8142E-02 -3.6771E-01
 -4.6198E-02  4.8142E-02 -3.6771E-01
 -4.6198E-02  4.8142E-02 -3.6771E-01
 -4.6198E-02  4.8142E-02 -3.6771E-01
 -4.6198E-02  4.8142E-02 -3.6771E-01
 -4.6198E-02  4.8142E-02 -3.6771E-01
 -4.6198E-02  4.8142E-02 -3.6771E-01
 -4.6198E-02  4.8142E-02 -3.6771E-01
 -4.6198E-02  4.8142E-02 -3.6771E-01
 -4.6198E-02  4.8142E-02 -3.6771E-01
 -2.4729E-02  1.3244E-01 -1.7269E-01
 -2.4729E-02  1.3244E-01 -1.7269E-01
 -2.4729E-02  1.3244E-01 -1.7269E-01
 -2.4729E-02  1.3244E-01 -1.7269E-01
 -2.4729E-02  1.3244E-01 -1.7269E-01
 -2.4729E-02  1.3244E-01 -1.7269E-01
 -2.4729E-02  1.3244E-01 -1.7269E-01
 -2.4729E-02  1.3244E-01 -1.7269E-01
 -2.4729E-02  1.3244E-01 -1.7269E-01
 -2.4729E-02  1.3244E-01 -1.7269E-01
 -1.9459E-02 -1.5523E-01  7.1839E-01
 -1.9459E-02 -1.5523E-01  7.1839E-01
 -1.9459E-02 -1.5523E-01  7.1839E-01
 -1.9459E-02 -1.5523E-01  7.1839E-01
 -1.9459E-02 -1.5523E-01  7.1839E-01
 -1.9459E-02 -1.5523E-01  7.1839E-01
 -1.9459E-02 -1.5523E-01  7.1839E-01
  1.4448E-01 -2.1183E-01 -5.3217E-01
  1.4448E-01 -2.1183E-01 -5.3217E-01
  1.4448E-01 -2.1183E-01 -5.3217E-01
  1.4448E-01 -2.1183E-01 -5.3217E-01
  1.4448E-01 -2.1183E-01 -5.3217E-01
  1.4448E-01 -2.1183E-01 -5.3217E-01
  1.4448E-01 -2.1183E-01 -5.3217E-01
  1.4448E-01 -2.1183E-01 -5.3217E-01
  1.4448E-01 -2.1183E-01 -5.3217E-01
  1.4448E-01 -2.1183E-01 -5.3217E-01
 -2.2486E-02  2.9993E-01  6.8110E-01
 -2.2486E-02  2.9993E-01  6.8110E-01
 -2.2486E-02  2.9993E-01  6.8110E-01
 -2.2486E-02  2.9993E-01  6.8110E-01
 -2.2486E-02  2.9993E-01  6.8110E-01
 -2.2486E-02  2.9993E-01  6.8110E-01
 -2.2486E-02  2.9993E-01  6.8110E-01
 -2.2486E-02  2.9993E-01  6.8110E-01
 -1.7857E-02  3.5392E-01  5.3170E-01
 -1.7857E-02  3.5392E-01  5.3170E-01
 -1.7857E-02  3.5392E-01  5.3170E-01
 -1.7857E-02  3.5392E-01  5.3170E-01
 -1.7857E-02  3.5392E-01  5.3170E-01
 -1.7857E-02  3.5392E-01  5.3170E-01
 -1.7857E-02  3.5392E-01  5.3170E-01
 -1.7857E-02  3.5392E-01  5.3170E-01
 -1.7857E-02  3.5392E-01  5.3170E-01
 -1.7857E-02  3.5392E-01  5.3170E-01
 -1.8431E-03 -6.3227E-03 -4.3631E-01
 -1.8431E-03 -6.3227E-03 -4.3631E-01
 -1.8431E-03 -6.3227E-03 -4.3631E-01
 -1.8431E-03 -6.3227E-03 -4.3631E-01
 -1.8431E-03 -6.3227E-03 -4.3631E-01
 -1.8431E-03 -6.3227E-03 -4.3631E-01
 -1.8431E-03 -6.3227E-03 -4.3631E-01
 -1.8431E-03 -6.3227E-03 -4.3631E-01
 -1.8431E-03 -6.3227E-03 -4.3631E-01
 -1.8431E-03 -6.3227E-03 -4.3631E-01
 -2.0901E-03 -1.7688E-01  7.4232E-01
 -2.0901E-03 -1.7688E-01  7.4232E-01
 -2.0901E-03 -1.7688E-01  7.4232E-01
 -2.0901E-03 -1.7688E-01  7.4232E-01
 -2.0901E-03 -1.7688E-01  7.4232E-01
 -2.0901E-03 -1.7688E-01  7.4232E-01
 -2.0901E-03 -1.7688E-01  7.4232E-01
 -2.0901E-03 -1.7688E-01  7.4232E-01
 -3.8139E-03 -1.2327E-02  2.2857E-01
 -3.8139E-03 -1.2327E-02  2.2857E-01
 -3.8139E-03 -1.2327E-02  2.2857E-01
 -3.8139E-03 -1.2327E-02  2.2857E-01
 -3.8139E-03 -1.2327E-02  2.2857E-01
 -3.8139E-03 -1.2327E-02  2.2857E-01
 -3.8139E-03 -1.2327E-02  2.2857E-01
 -3.8139E-03 -1.2327E-02  2.2857E-01
 -3.8139E-03 -1.2327E-02  2.2857E-01
 -3.8139E-03 -1.2327E-02  2.2857E-01
  8.5648E-03 -2.8442E-01  2.4294E-01
  8.5648E-03 -2.8442E-01  2.4294E-01
  8.5648E-03 -2.8442E-01  2.4294E-01
  8.5648E-03 -2.8442E-01  2.4294E-01
  8.5648E-03 -2.8442E-01  2.4294E-01
  8.5648E-03 -2.8442E-01  2.4294E-01
  8.5648E-03 -2.8442E-01  2.4294E-01
  8.5648E-03 -2.8442E-01  2.4294E-01
  8.5648E-03 -2.8442E-01  2.4294E-01
  8.5648E-03 -2.8442E-01  2.4294E-01
  7.6292E-03 -4.4013E-01  2.9733E-02
  7.6292E-03 -4.4013E-01  2.9733E-02
  7.6292E-03 -4.4013E-01  2.9733E-02
  7.6292E-03 -4.4013E-01  2.9733E-02
  7.6292E-03 -4.4013E-01  2.9733E-02
  7.6292E-03 -4.4013E-01  2.9733E-02
  7.6292E-03 -4.4013E-01  2.9733E-02
  7.6292E-03 -4.4013E-01  2.9733E-02
  7.6292E-03 -4.4013E-01  2.9733E-02
  7.6292E-03 -4.4013E-01  2.9733E-02
 -4.0615E-02  2.0448E-01 -2.8524E-01
 -4.0615E-02  2.0448E-01 -2.8524E-01
 -4.0615E-02  2.0448E-01 -2.8524E-01
 -4.0615E-02  2.0448E-01 -2.8524E-01
 -4.0615E-02  2.0448E-01 -2.8524E-01
 -4.0615E-02  2.0448E-01 -2.8524E-01
 -4.0615E-02  2.0448E-01 -2.8524E-01
 -4.0615E-02  2.0448E-01 -2.8524E-01
 -4.0615E-02  2.0448E-01 -2.8524E-01
 -4.0615E-02  2.0448E-01 -2.8524E-01
  2.2948E-02  7.4121E-02  5.7714E-01
  2.2948E-02  7.4121E-02  5.7714E-01
  2.2948E-02  7.4121E-02  5.7714E-01
  2.2948E-02  7.4121E-02  5.7714E-01
  2.2948E-02  7.4121E-02  5.7714E-01
  2.2948E-02  7.4121E-02  5.7714E-01
  2.2948E-02  7.4121E-02  5.7714E-01
  2.2948E-02  7.4121E-02  5.7714E-01
 -1.4809E-02  3.9493E-01 -3.7038E-01
 -1.4809E-02  3.9493E-01 -3.7038E-01
 -1.4809E-02  3.9493E-01 -3.7038E-01
 -1.4809E-02  3.9493E-01 -3.7038E-01
 -1.4809E-02  3.9493E-01 -3.7038E-01
 -1.4809E-02  3.9493E-01 -3.7038E-01
 -1.4809E-02  3.9493E-01 -3.7038E-01
 -1.4809E-02  3.9493E-01 -3.7038E-01
 -1.4809E-02  3.9493E-01 -3.7038E-01
 -1.4809E-02  3.9493E-01 -3.7038E-01
  2.0061E-02 -1.5094E-01  6.6912E-01
  2.0061E-02 -1.5094E-01  6.6912E-01
  2.0061E-02 -1.5094E-01  6.6912E-01
  2.0061E-02 -1.5094E-01  6.6912E-01
  2.0061E-02 -1.5094E-01  6.6912E-01
  2.0061E-02 -1.5094E-01  6.6912E-01
  2.0061E-02 -1.5094E-01  6.6912E-01
  2.0061E-02 -1.5094E-01  6.6912E-01
  4.5905E-02 -5.6177E-01  1.6241E-01
  4.5905E-02 -5.6177E-01  1.6241E-01
  4.5905E-02 -5.6177E-01  1.6241E-01
  4.5905E-02 -5.6177E-01  1.6241E-01
  4.5905E-02 -5.6177E-01  1.6241E-01
  4.5905E-02 -5.6177E-01  1.6241E-01
  4.5905E-02 -5.6177E-01  1.6241E-01
  4.5905E-02 -5.6177E-01  1.6241E-01
  4.5905E-02 -5.6177E-01  1.6241E-01
  4.5905E-02 -5.6177E-01  1.6241E-01
 -1.9805E-02 -5.0923E-02 -3.3190E-01
 -1.9805E-02 -5.0923E-02 -3.3190E-01
 -1.9805E-02 -5.0923E-02 -3.3190E-01
 -1.9805E-02 -5.0923E-02 -3.3190E-01
 -1.9805E-02 -5.0923E-02 -3.3190E-01
 -1.9805E-02 -5.0923E-02 -3.3190E-01
 -1.9805E-02 -5.0923E-02 -3.3190E-01
 -1.9805E-02 -5.0923E-02 -3.3190E-01
 -1.9805E-02 -5.0923E-02 -3.3190E-01
 -1.9805E-02 -5.0923E-02 -3.3190E-01
  5.5343E-02 -4.6006E-01  2.1148E-01
  5.5343E-02 -4.6006E-01  2.1148E-01
  5.5343E-02 -4.6006E-01  2.1148E-01
  5.5343E-02 -4.6006E-01  2.1148E-01
  5.5343E-02 -4.6006E-01  2.1148E-01
  5.5343E-02 -4.6006E-01  2.1148E-01
  5.5343E-02 -4.6006E-01  2.1148E-01
  5.5343E-02 -4.6006E-01  2.1148E-01
  5.5343E-02 -4.6006E-01  2.1148E-01
  6.4719E-03  1.2325E-01 -4.0786E-01
  6.4719E-03  1.2325E-01 -4.0786E-01
  6.4719E-03  1.2325E-01 -4.0786E-01
  6.4719E-03  1.2325E-01 -4.0786E-01
  6.4719E-03  1.2325E-01 -4.0786E-01
  6.4719E-03  1.2325E-01 -4.0786E-01
  6.4719E-03  1.2325E-01 -4.0786E-01
  6.4719E-03  1.2325E-01 -4.0786E-01
  6.4719E-03  1.2325E-01 -4.0786E-01
  6.4719E-03  1.2325E-01 -4.0786E-01
  1.2485E-02  2.4515E-01 -8.3104E-02
  1.2485E-02  2.4515E-01 -8.3104E-02
  1.2485E-02  2.4515E-01 -8.3104E-02
  1.2485E-02  2.4515E-01 -8.3104E-02
  1.2485E-02  2.4515E-01 -8.3104E-02
  1.2485E-02  2.4515E-01 -8.3104E-02
  1.2485E-02  2.4515E-01 -8.3104E-02
  1.2485E-02  2.4515E-01 -8.3104E-02
  1.2485E-02  2.4515E-01 -8.3104E-02
  1.2485E-02  2.4515E-01 -8.3104E-02
  1.5087E-02 -1.1940E-01 -1.9384E-01
  1.5087E-02 -1.1940E-01 -1.9384E-01
  1.5087E-02 -1.1940E-01 -1.9384E-01
  1.5087E-02 -1.1940E-01 -1.9384E-01
  1.5087E-02 -1.1940E-01 -1.9384E-01
  1.5087E-02 -1.1940E-01 -1.9384E-01
  1.5087E-02 -1.1940E-01 -1.9384E-01
  1.5087E-02 -1.1940E-01 -1.9384E-01
  1.5087E-02 -1.1940E-01 -1.9384E-01
  1.5087E-02 -1.1940E-01 -1.9384E-01
  1.1765E-01 -2.1400E-01 -4.8130E-01
  1.1765E-01 -2.1400E-01 -4.8130E-01
  1.1765E-01 -2.1400E-01 -4.8130E-01
  1.1765E-01 -2.1400E-01 -4.8130E-01
  1.1765E-01 -2.1400E-01 -4.8130E-01
  1.1765E-01 -2.1400E-01 -4.8130E-01
  1.1765E-01 -2.1400E-01 -4.8130E-01
  1.1765E-01 -2.1400E-01 -4.8130E-01
  1.1765E-01 -2.1400E-01 -4.8130E-01
  1.1765E-01 -2.1400E-01 -4.8130E-01
 -2.8622E-02  2.8883E-01  6.3988E-01
 -2.8622E-02  2.8883E-01  6.3988E-01
 -2.8622E-02  2.8883E-01  6.3988E-01
 -2.8622E-02  2.8883E-01  6.3988E-01
 -2.8622E-02  2.8883E-01  6.3988E-01
 -2.8622E-02  2.8883E-01  6.3988E-01
 -2.8622E-02  2.8883E-01  6.3988E-01
 -2.8622E-02  2.8883E-01  6.3988E-01
 -2.8622E-02  2.8883E-01  6.3988E-01
 -2.8622E-02  2.8883E-01  6.3988E-01
